2 10 11 15 16 24 37 46 49 50
1073
cf07a3faaabc3dcf 2 3 5 8 11 14 15 21 24 25 31 32 35 38 50 
9de2accff07dcd50 5 6 11 12 13 14 16 19 23 26 34 36 41 47 50 
fc3d16f4efb09bea 4 6 10 20 27 28 30 32 33 35 36 41 42 46 47 
545a41e0412df3ef 1 13 15 16 21 22 24 25 26 28 30 31 42 46 49 
2cfcaa95cbd5e15d 12 14 16 18 19 22 27 30 31 33 37 39 40 48 49 
4ac6b6c9d786dccf 4 9 12 16 20 22 23 25 32 36 37 41 43 47 49 
9ebdbb15ff8b6489 6 9 11 12 14 23 24 25 27 28 33 36 39 48 49 
7dcabf7ab7c758f6 6 7 9 10 17 22 25 28 30 33 34 36 41 48 50 
8a1a24b3da803be9 4 6 10 12 15 17 18 22 26 31 32 34 38 44 50 
72beb44befccf519 3 5 15 16 18 23 24 26 29 30 34 37 42 44 50 
bbf8113c6adfcbff 2 4 8 9 14 18 19 21 24 32 33 34 37 42 45 
90c049571f94cff6 2 5 8 10 20 26 27 29 30 33 34 39 47 48 49 
ebf80afe624b20ca 7 8 10 15 16 19 21 22 28 29 33 35 40 45 50 
1d8bfbddb423b143 1 2 3 9 11 15 16 18 24 36 38 40 43 44 48 
ec58d640d5f1e5ca 1 4 6 9 13 15 16 21 23 35 36 37 39 45 47 
272a869019b75989 1 5 9 16 22 23 27 30 31 36 38 39 41 44 48 
dfc1a7999718d798 8 10 11 18 20 22 24 30 37 41 44 45 46 47 49 
c2a7121a9e70e9ad 4 5 8 23 26 31 34 35 36 37 39 43 45 48 49 
1d5e1006f0c8ce31 6 7 8 13 18 21 23 25 32 35 37 38 41 43 44 
4e44a62ac8aa3eff 1 2 7 10 12 19 23 26 29 35 39 44 48 49 50 
3bd9e6a6e921db01 1 3 5 8 17 18 19 31 35 39 40 44 46 47 50 
bf32d59ca58aef5d 2 3 8 13 14 16 17 20 21 24 32 33 42 43 49 
8d71bc55cc4bbc45 3 11 14 17 23 26 27 31 32 33 37 38 41 49 50 
a4dbc636d7dada9e 1 11 14 16 18 23 26 27 30 41 44 46 47 48 49 
6d4b9d0831fedf33 1 2 7 9 10 16 22 26 27 30 32 36 43 44 48 
0476bfec5af93b73 4 5 9 13 17 22 23 25 27 37 39 41 46 48 49 
72130e086a1d32c8 1 6 7 11 12 22 26 27 30 31 35 36 41 44 45 
c72f14b6ffb2ffc7 3 5 8 16 17 22 23 26 27 28 30 35 36 38 44 
9add590ce5a4ee56 5 8 15 17 18 20 22 23 24 25 33 41 46 47 50 
2c54763d3899b11f 1 10 12 13 16 17 19 25 28 29 31 39 47 48 49 
67ffb9aaaa6f63e2 1 2 16 19 20 22 26 30 32 38 39 41 43 46 48 
bb4bdeed52d53fae 4 11 12 15 19 20 24 32 35 37 40 44 45 49 50 
b3b1cbc23f9bbc63 2 5 9 14 23 31 32 34 38 39 41 43 45 48 50 
db8b5d82bb1c13c5 2 6 8 13 20 21 22 29 33 38 43 44 46 48 50 
a7482de2b7cccdc7 7 12 15 20 21 22 24 26 27 34 37 38 45 48 49 
3156fe5363cf5a68 5 7 11 12 13 14 15 20 23 25 28 30 32 35 36 
86b7f14ccdb4ac96 2 5 7 9 11 18 22 25 28 40 41 44 46 48 49 
d5bc8da0c7c0a4f5 3 4 5 8 12 15 17 25 29 34 40 42 43 45 47 
3dcaca2537e130ea 3 11 12 15 16 18 22 24 27 35 41 43 45 46 50 
7d99e8f22cdcf97a 4 15 18 21 22 23 25 26 29 33 42 43 47 48 49 
a3453031dbfce35d 6 7 9 10 20 28 30 31 32 34 37 38 44 49 50 
b7eb0eedc0faeb3b 3 5 8 11 13 14 15 17 18 22 25 31 32 40 47 
aeaa4b8d6ef5ae5e 1 7 14 16 22 23 27 28 31 36 37 39 41 47 48 
b17bcac5ac9b4ced 5 6 8 13 14 16 19 26 31 32 33 34 36 44 45 
c58f6b8d99472c9d 3 4 9 10 12 17 20 37 41 43 44 45 46 47 50 
fe5beaa5b5aa4d6e 7 11 12 15 17 18 26 27 31 34 41 43 45 47 48 
0ffeafbe005bdd0d 6 8 12 15 17 21 23 24 29 32 34 39 44 45 47 
419f1faebe11ffb7 1 4 8 12 18 19 20 26 27 33 44 45 46 48 49 
ad0f3feb7fdc59ff 8 9 10 22 25 32 33 35 36 38 42 43 45 46 48 
4da8aa90f28ebde6 12 13 18 19 24 25 26 28 29 30 31 36 43 44 48 
584e3f9ce0a5b7cf 2 7 9 10 11 14 18 23 26 31 33 44 45 47 48 
4c92a316276f4bab 3 7 12 16 22 24 25 28 29 33 39 42 43 47 48 
beee16cd211bcbf9 1 3 7 10 12 13 17 24 25 28 33 38 41 44 47 
f0a99bbaa1e456cb 1 6 7 17 23 25 31 34 39 40 44 45 47 49 50 
ddfd341afe547329 5 7 14 15 19 22 25 28 30 33 38 39 42 44 45 
c2237ac6a5a51feb 8 10 15 16 18 22 23 25 26 28 37 39 41 42 48 
be2a3412d2db1d53 2 7 8 11 15 18 21 23 26 38 39 42 46 47 48 
5d6f0e5c7ea12b33 1 7 8 10 12 17 20 23 24 26 27 36 37 40 43 
f3bdf33cb3b45733 1 2 5 7 8 9 16 20 21 31 33 35 42 44 50 
2c432dbdc5b0adf8 1 3 4 6 10 14 15 20 21 23 32 37 38 40 41 
b8f9bdb08d450ca9 2 3 5 7 14 21 24 28 29 30 33 35 38 43 44 
33f65e2c085fdef3 4 11 13 15 16 19 20 24 31 36 38 40 41 48 50 
3b1c322e81d7f2f7 3 6 13 14 19 21 24 25 26 30 33 41 42 45 50 
c9efec674156b0c5 8 10 15 16 19 20 25 33 35 42 44 45 46 49 50 
ebadaa74b2a7af0b 9 11 12 13 14 17 18 22 24 26 36 42 45 46 50 
44fa70fabbbfaa08 8 12 16 23 25 27 28 32 33 34 35 37 40 46 47 
cf6f19d5eb8d2dec 6 10 11 20 23 24 31 32 33 34 36 40 43 48 50 
5ff2193ad23b2b9c 2 17 18 19 23 25 26 29 30 31 32 34 35 47 50 
1d85be768fb1cc1e 3 10 12 13 14 21 23 24 32 34 35 37 39 47 48 
13c42c4645c84f0c 3 5 9 10 16 23 26 35 37 40 41 43 46 47 49 
bdda3327b44e9ce7 11 13 14 15 16 21 24 26 30 31 38 42 45 48 49 
debf5edc8ee2e3bf 7 8 11 13 23 24 34 35 40 41 43 47 48 49 50 
accea21edc85da55 1 4 16 21 24 27 28 29 30 33 34 35 41 43 46 
ce97609cc46f2213 1 3 4 7 10 11 13 16 23 25 27 30 33 35 36 
7989ff2b18f2fcbf 1 2 6 7 14 18 24 26 28 29 42 45 47 49 50 
31cdfda9fc7d055e 1 10 14 25 26 28 29 30 31 33 34 40 42 47 50 
b35f76eaf8ab4538 1 2 3 5 10 13 14 15 17 28 37 40 44 45 46 
f7d9f21fc68d30f1 2 3 11 18 22 26 31 34 37 38 40 42 48 49 50 
bd510e523f0d1bac 8 10 14 15 16 23 28 31 32 35 36 39 42 47 50 
e3008ea16763a1ab 2 3 11 13 15 17 19 22 24 25 26 35 43 46 50 
8156e8ef8b22f6e4 7 11 17 18 19 25 28 29 32 39 43 44 46 47 48 
ac7469e36a4f516e 2 7 9 12 16 21 31 34 36 38 43 44 45 47 48 
b33f2e3b8caa13ac 2 6 7 13 21 22 23 24 25 26 30 38 44 47 49 
3f85dee3c8b2c9de 1 3 4 15 16 19 20 21 22 26 30 34 39 44 45 
da53d79ef3fc94b2 1 3 6 11 12 13 18 19 26 32 38 39 40 44 46 
42761f5fe6c67b0b 1 2 5 6 7 11 13 18 19 20 23 25 26 29 43 
fbe8a4abff8f3a1a 1 5 10 13 14 15 16 18 22 24 26 34 38 48 49 
7d2d6c2edfaaa3b2 4 8 9 13 18 22 23 27 28 30 33 34 35 36 47 
9934272e7066a6fa 9 10 12 19 21 29 31 32 37 44 45 46 48 49 50 
800ec3acd0bcdecc 10 12 13 17 20 21 22 25 27 30 34 39 43 44 45 
688dd2937f6bf0be 5 7 14 15 26 27 30 33 36 40 42 43 44 47 49 
2df1abd285e0dc5c 2 7 15 16 17 27 29 31 32 33 35 38 39 45 49 
ffc37eba5235cf77 6 7 9 11 13 18 22 25 28 29 31 34 39 41 49 
a653efa73d0b2a1c 4 5 7 14 15 16 19 22 23 34 36 37 38 43 48 
43c28a99d1a4fcf7 2 4 8 19 20 21 22 25 27 34 40 42 45 47 49 
0a725dae60f9d8da 3 8 10 14 16 18 20 21 24 26 32 34 37 43 44 
0bafefa9c04dd2b4 3 12 17 20 21 22 24 29 30 32 36 38 44 47 48 
ef2eccacc2f6ae09 1 3 7 8 12 13 15 20 23 25 30 33 38 43 47 
2d2f5d9cb1665eee 2 3 6 7 13 20 21 22 28 30 35 37 40 44 45 
e9460c4d30a76727 3 8 13 19 22 24 25 26 28 32 34 37 39 49 50 
b05a71424dfcf391 2 6 11 14 16 17 22 23 25 28 35 43 47 48 49 
4946d837c73eb412 3 10 12 14 19 20 22 23 24 28 31 33 37 41 45 
3e4e5715c9cac189 5 9 18 23 26 28 32 36 38 39 44 45 48 49 50 
baa41c5cd2cc8fd8 3 4 5 9 14 15 17 18 22 26 29 30 40 44 50 
08a69dd009f96a31 1 3 9 10 17 22 29 31 32 33 37 40 44 48 50 
e037ed1388ab126d 13 16 21 26 27 28 31 32 39 40 42 43 45 46 49 
b4ab87eab23aafdf 3 7 8 9 11 20 29 30 35 36 38 39 41 44 48 
c8a1b254b545bc2c 5 6 7 13 15 16 21 22 23 31 39 42 47 49 50 
5c64bc355fa07fe0 4 6 8 15 16 19 20 21 27 30 34 36 37 41 43 
25f7bbb0cf4ba8d0 4 9 11 16 21 23 28 31 34 35 42 44 47 49 50 
2f04319fc0cd7ea4 4 5 10 13 18 19 25 28 29 30 31 35 40 41 48 
cf71066ee2da5dbb 1 2 8 13 28 29 30 31 33 37 38 40 43 45 49 
cc1cfe747baa8bce 6 8 9 14 16 19 22 27 30 33 39 44 46 47 49 
6201a19827cc8f13 4 6 9 17 19 25 33 34 35 36 37 39 43 45 50 
fa1388624bbb6dc3 2 4 5 7 13 14 23 24 26 27 32 35 38 41 47 
eeed0e52ae3348de 4 6 10 11 17 26 31 33 34 38 42 43 44 49 50 
4dcfb6fcb093f8eb 2 3 7 8 11 12 20 23 24 30 35 38 39 46 48 
a9c6cef4e363a265 1 3 4 5 8 11 12 14 15 29 32 35 37 42 47 
bb7a8adffb11ebbe 3 4 5 6 7 8 20 30 31 37 38 39 45 46 49 
4d4be168991bd1fc 1 4 5 8 9 15 19 24 32 40 41 42 44 48 49 
5f8bfac6251f7fcf 7 11 16 18 22 23 25 27 32 36 37 43 46 47 48 
e8a97e2aad39bd0f 1 6 7 15 17 18 19 20 25 26 32 38 41 48 50 
f8c69b7bcb20aa79 4 5 9 11 15 17 21 22 26 31 35 37 39 44 47 
b880b8a8fcab98a7 3 6 7 10 16 18 21 25 27 33 37 38 42 47 50 
bac54cfe2ed5d8ce 4 5 7 10 15 16 25 27 29 30 31 33 37 41 48 
bd2312af4bd585af 9 11 14 15 16 18 20 25 32 33 34 41 45 46 48 
d5282ebf4c1a17ef 1 2 5 11 20 21 22 24 25 26 28 31 38 46 48 
fa0b1917e8ccdab2 1 3 5 15 17 22 30 34 37 40 42 44 45 46 50 
c4603db9fbcdf31d 3 10 12 15 17 18 22 23 29 33 34 35 38 42 49 
e9cd3b4bc2cac34d 2 5 7 11 12 16 20 24 25 26 27 32 33 42 48 
a16ad2c7c5c7a960 2 3 4 7 8 13 15 16 28 31 32 36 39 42 45 
f1ddcad1018cf351 1 2 3 6 9 16 19 26 27 29 31 34 35 36 50 
65d0e8615c98ebdd 2 4 5 7 9 11 13 14 23 25 29 35 39 49 50 
aeb71a2baee06b31 8 9 12 13 15 18 32 36 40 41 45 46 47 49 50 
c9c4f990e2441b2e 5 6 8 10 13 16 17 20 22 25 28 29 33 35 37 
1ab7244e70bc667c 1 11 12 15 16 18 20 21 27 32 34 40 42 49 50 
53b5c00cf3e28464 1 3 4 6 10 13 15 31 32 33 35 36 38 46 49 
bc0d5e80b554f2a3 2 6 8 10 12 14 16 19 20 26 34 38 44 47 49 
3cf8ac565f195e56 1 4 5 10 11 13 15 21 28 40 41 46 47 48 50 
81faa3cdb35b013c 4 5 7 11 13 14 18 20 22 24 28 33 38 41 45 
2e3feb5dc4b1eedd 1 6 7 10 13 16 17 19 22 30 36 38 45 47 48 
62cfc57f77aaf7ec 1 3 4 8 10 13 17 18 20 21 26 39 40 44 48 
4b1e38ddc178e3d7 1 4 10 11 12 15 16 27 33 35 38 41 42 45 49 
647aeb4eea0b857c 6 12 16 19 22 25 26 28 29 30 38 39 46 49 50 
dcbde6a480a53cc0 1 6 8 10 15 17 21 29 32 34 36 38 41 43 45 
868daffddd1fb7b7 7 13 16 18 19 22 26 29 30 34 36 37 39 40 50 
efecb5450a49223d 2 4 7 9 14 22 23 26 32 34 35 37 41 45 50 
5d9c74a62c77040d 1 6 9 15 23 25 28 29 32 33 34 38 42 44 46 
d76cc461bfdfdbc2 2 3 16 24 31 32 33 36 37 38 39 45 46 47 48 
a5e187f6c792ef54 1 6 7 9 15 19 23 27 32 36 40 43 44 48 50 
a0283b7f52a54e9e 1 5 9 10 13 18 27 28 31 32 34 35 38 42 45 
cc4db024f3addbc4 1 11 13 14 17 18 20 22 29 31 36 38 41 42 50 
628e77c3d0c29cd2 7 8 9 11 12 14 17 18 29 34 37 38 44 48 50 
dca900a72a88f9bc 10 14 19 22 24 26 27 28 33 34 38 41 42 49 50 
0ba11626beb5a958 8 9 11 12 18 20 21 27 31 40 42 43 45 47 48 
e94be119d0ff88d7 3 4 5 9 11 13 15 16 18 21 32 33 37 45 47 
8f0be0f9f02af715 7 8 11 13 14 16 20 23 26 28 29 33 41 45 47 
74291eac9dd2e4cc 4 6 10 12 15 28 29 34 38 39 40 44 46 47 49 
1fb7605c6bf5e6b4 2 3 7 9 13 14 23 25 27 36 38 39 41 45 46 
423bb76832e71228 2 10 12 16 24 27 31 33 34 38 42 45 46 47 48 
0dc80d9e4d83c61b 1 5 8 19 27 28 29 30 32 33 35 38 45 48 50 
cdf8d1dd626da473 2 3 4 7 9 19 21 22 32 37 38 40 42 47 50 
af45d208cbdabd1d 5 10 14 16 17 21 24 25 30 31 35 46 47 48 50 
5f9a7ff86a9c6fa0 1 4 5 7 9 12 15 28 32 33 34 40 46 48 49 
eb10dbe040c7f3fc 2 3 13 15 16 25 29 32 35 36 37 38 42 47 49 
ee750eb8a3f67b04 1 4 12 19 21 24 26 35 37 38 40 42 43 44 45 
ea92fafba627bc08 6 9 17 19 21 26 27 28 34 38 40 41 42 44 47 
d38d0efd156ae51e 5 9 13 17 19 20 21 24 28 34 38 39 41 44 49 
f6e8dd809ba3487e 3 8 10 12 17 18 20 24 26 32 37 38 42 46 48 
edc7c7bc186619db 5 6 15 16 20 21 25 26 29 35 38 42 47 48 49 
aabd87d8b554b43e 4 5 17 19 23 26 31 32 33 39 40 41 47 48 49 
685d1eae016810c4 5 9 10 15 20 21 22 23 24 26 30 33 35 36 50 
f92dddec4c97b1ad 3 6 7 10 11 22 27 28 30 34 35 38 39 40 48 
e534a8cee8923e5a 5 13 17 18 20 21 23 26 28 29 33 39 41 46 50 
17ff9d77a9effcea 3 4 7 11 13 16 20 22 28 30 33 37 39 41 43 
e217c65ef9f4ba8e 1 2 3 8 9 11 16 17 23 25 41 42 43 47 48 
faec467df715b6f3 3 6 9 12 18 20 29 30 33 37 38 43 44 49 50 
ea94eaafbe2f1c9e 6 7 13 16 24 27 28 34 36 37 41 44 45 46 50 
ff18a31bc03ca7ec 1 2 5 6 18 20 22 23 27 31 36 38 43 46 47 
464164f918bc1f13 2 5 8 10 11 15 16 18 19 23 34 37 45 46 48 
dde695755ed46b99 4 5 6 9 12 13 17 26 29 30 34 38 40 48 49 
b34bbe7bea0ea3a6 2 3 6 8 9 14 15 18 19 21 23 24 31 40 45 
22af2e2a8d06ac61 6 7 8 18 19 20 24 25 26 27 29 36 41 47 49 
e91ecbe7c5ed43cf 2 3 10 15 16 20 21 30 38 41 42 44 46 47 48 
cddfe1df8a1cfe8f 2 5 7 11 13 20 24 25 26 30 32 34 43 45 48 
f17aeebd30776aec 5 9 13 16 17 18 19 21 27 29 30 40 42 46 48 
40bf79cbcbe1ff4d 1 2 5 6 12 16 17 18 19 22 24 31 34 43 44 
cfafbffe0bdb71ff 2 3 4 8 9 11 12 16 18 19 20 22 25 29 48 
ea03a32392b01aea 2 6 8 9 16 17 23 24 25 33 40 43 44 48 49 
3c1bd47c1a5c8316 2 7 16 20 21 22 26 29 30 32 35 36 39 48 49 
a00dde53cb7dab37 2 3 8 12 14 17 19 22 28 29 31 34 43 44 48 
2b93de14bb7bacad 11 12 16 17 19 20 22 25 28 30 33 40 41 45 46 
bcd025b55b8ca6a4 3 6 7 9 10 18 21 23 26 27 28 32 36 39 47 
a6edcaaddd7bd2a6 1 2 5 7 10 11 14 18 28 34 35 46 47 49 50 
c2d779ede6a1ceff 1 2 8 11 12 16 19 26 27 37 38 39 46 47 49 
21b0efd15bf19452 1 8 10 11 22 23 25 28 30 35 38 39 40 43 44 
bb2a9af09de7b4ae 2 6 8 10 12 15 17 22 29 35 42 43 44 48 50 
1778caace9a8ddf6 1 2 3 6 10 11 20 23 25 30 33 36 42 46 48 
8c714dd3d3fbb807 2 6 7 8 13 17 18 22 30 31 32 36 41 42 45 
ed9dba2c14704d40 3 5 11 12 14 16 24 26 28 32 36 37 40 43 44 
dead92a9b01bf7db 4 13 14 17 20 21 23 25 26 29 31 32 34 38 45 
48ee06cdc2cf8dfc 1 7 9 10 12 17 21 22 32 40 42 43 48 49 50 
dccb5077cef8bf21 2 4 6 13 14 19 26 34 42 43 44 45 47 48 49 
9d6aed9b56dbadb0 3 5 13 17 18 25 26 28 29 30 35 39 42 45 50 
da5f7468efd6f57f 1 3 6 14 21 22 24 25 30 33 38 45 46 48 50 
c78be1b34bfd12cf 2 3 6 7 8 11 14 15 17 20 24 35 37 42 50 
d58f78b10a32ff09 3 5 10 15 16 21 24 29 32 34 36 37 43 49 50 
6ce9efcf6d885b0b 1 3 4 7 16 21 22 24 28 41 42 45 46 47 49 
87bbc3a1e0a77fb7 1 2 4 5 8 13 17 18 21 22 28 29 30 36 39 
ee5df97fe775294c 3 5 7 9 11 12 13 15 23 24 34 38 39 41 44 
1f8dd5e3a8bf7daa 1 2 10 13 14 19 22 25 28 29 31 33 42 44 49 
506e01cdf6deff76 1 5 8 10 15 17 19 21 22 23 30 35 37 43 46 
7e3a99f686dd1ce1 1 4 6 15 16 19 21 22 27 28 34 36 42 48 49 
c45db7a6c8d2d5a8 2 4 6 12 13 14 15 21 26 27 30 40 42 44 45 
bdeb739c0d54db9d 1 2 6 11 13 16 21 23 29 33 38 39 40 43 45 
ecb95fd5c5aaa0b0 4 5 12 16 19 23 27 28 32 33 35 40 41 48 49 
cf67b34563e13ef9 3 8 11 14 16 17 18 20 28 31 32 37 44 47 48 
ade161d0aafa3aae 6 8 10 12 15 20 21 23 25 32 33 39 41 42 45 
79cbbe1fc5d86fd6 1 4 6 8 16 22 23 26 29 37 44 46 48 49 50 
a95bfd4efd11e4c2 1 4 9 11 12 19 23 29 32 36 38 45 47 49 50 
1b914dcc2f7a5e0d 1 3 6 9 14 15 24 27 32 37 39 44 47 49 50 
89b3424168178fd9 2 9 10 15 18 20 25 27 29 30 31 37 39 44 45 
6dffc0bedbefadda 5 18 20 21 23 24 25 28 30 31 33 34 39 40 42 
c83bd3aa4a32240f 1 3 10 15 16 19 21 24 28 31 35 41 45 46 49 
ea7dec420bfca179 4 7 11 14 15 16 27 31 32 35 36 37 38 41 47 
5b7cfebaadad2adb 5 7 10 15 17 18 19 24 26 31 33 34 35 37 41 
2e41923be61e7c57 2 5 7 12 22 24 25 26 31 38 43 45 46 47 48 
4ce7759ea92e4cd7 1 2 4 6 8 9 10 21 24 25 26 30 45 47 50 
55ad427f44ea2fa9 6 7 11 12 17 19 23 31 32 33 37 41 42 45 50 
4712edeca6a0ccdf 4 5 8 12 21 25 26 27 28 36 37 40 42 44 48 
23201ed6acbc31f2 1 3 4 5 6 7 12 19 26 31 33 34 48 49 50 
9af13d5fa49d51ff 6 8 15 17 21 22 24 27 33 36 40 42 43 47 49 
80003aa195bdd7ae 3 4 11 14 15 16 26 28 29 31 35 37 38 40 43 
e93c106c3ced6d56 1 4 5 13 16 17 20 24 29 32 37 38 39 42 44 
43a8c41c8355dc88 3 6 8 9 10 12 14 19 20 27 28 39 48 49 50 
67ddab1a6f2d75aa 3 12 16 17 22 23 25 27 29 32 34 36 41 43 44 
f375d364567d22ea 1 11 15 19 21 22 23 25 37 38 40 41 42 45 48 
0956753372a32c33 4 5 16 21 22 24 29 30 35 39 41 45 46 49 50 
4ed28a822fe2fb2b 2 4 5 10 19 20 22 27 31 32 34 35 42 44 46 
8fb9e8ce3d0e3dcb 2 4 6 17 18 20 24 25 28 35 37 38 41 47 49 
1ea800fee7c0896d 5 7 8 16 17 22 23 27 29 33 37 38 41 43 45 
e025e8789326ef11 7 10 11 18 22 24 25 26 27 30 31 37 44 45 46 
0f6ac55577f4d526 2 8 10 11 17 30 31 32 37 39 40 42 45 46 49 
efe1ad40af17dc5b 11 12 14 17 25 29 31 32 37 42 43 44 45 46 47 
e55915ada9db3cd9 1 2 7 13 18 22 24 25 29 30 32 34 35 43 48 
dbdd176dc4f2e892 4 7 8 10 17 23 24 28 30 38 39 40 41 44 46 
bd61c27fccd3ed3f 3 6 7 8 9 16 18 19 26 29 37 39 43 46 47 
551cd4de6debafc5 5 6 9 11 12 13 24 27 30 33 36 37 41 48 50 
46bba5c20ff819a1 1 2 7 13 14 18 19 25 32 34 37 40 47 48 49 
035ca2e6b8b8d1fe 5 8 9 11 13 19 22 23 30 34 38 40 41 45 46 
64dfae639faafbde 3 5 6 8 13 16 21 26 28 29 30 34 43 44 45 
e903b508efb3ff2d 3 5 7 16 17 18 19 20 23 24 29 34 35 39 44 
5ec7d348dd15b06c 1 2 5 9 10 13 15 19 26 35 36 46 47 48 50 
79b6f017d1942dbe 4 7 8 15 20 25 27 31 33 42 44 45 47 49 50 
9f2bf63b045d592c 4 8 11 17 18 22 25 26 28 31 35 42 44 45 47 
8a1d575be197abfa 1 4 16 17 18 19 25 28 34 38 43 45 46 47 50 
015b9d43f9cdc6c4 3 5 7 8 10 11 17 21 25 31 33 44 45 47 49 
c0bdf225d6311144 3 7 9 11 13 20 23 25 29 30 36 38 41 43 44 
1b1ab0b8acbb06f6 3 5 7 8 17 18 20 28 29 35 38 41 44 45 50 
a8afd5dbba6cd8ad 1 5 6 7 17 18 22 30 31 40 41 42 48 49 50 
d739daee2dbab5e1 6 10 12 13 17 21 24 26 28 33 34 42 47 49 50 
6aed1d85ca6f8931 7 8 12 13 14 19 20 25 31 38 40 41 42 44 47 
2f6f4cafdddcfa06 1 3 9 10 11 12 17 19 22 25 32 36 38 44 49 
d6b06830f28eeccb 3 5 12 13 15 18 20 21 28 36 37 38 40 41 45 
ddce3c4af27ca6b6 4 5 8 9 10 12 14 15 17 20 32 42 43 47 49 
b6f04c8a2fce89fa 3 8 9 12 23 30 36 38 39 41 42 43 44 46 47 
7d619a9adaceb7e4 1 7 14 19 20 21 26 27 33 35 39 41 44 48 49 
30988ecd555ba8a5 1 2 4 5 7 9 15 16 23 28 33 36 43 48 49 
fae521d3abcffd79 1 2 9 11 12 13 14 16 17 21 33 35 37 46 50 
c3e90ecfd368bd4e 2 3 6 9 10 11 21 25 28 38 39 40 41 42 47 
858af3ab19010dbf 3 8 9 11 12 17 27 28 29 34 35 37 38 42 47 
e3f54dbfe537f359 1 3 7 8 9 12 17 20 32 38 46 47 48 49 50 
21ffac8ca64ae896 2 10 13 15 20 23 25 30 31 33 36 40 42 45 50 
b608c9a245364e8f 4 10 14 17 18 20 22 24 25 28 36 42 43 48 50 
4b4e0ee04ea15eba 2 4 16 17 19 20 28 32 34 37 40 41 48 49 50 
1c950916c161c33f 3 6 10 13 14 16 18 19 21 22 23 40 41 44 48 
44e42ed14bd36cce 4 5 8 9 13 15 16 29 35 37 39 42 43 48 49 
c76f79fa50eae7ef 2 6 11 12 14 16 18 22 24 28 29 39 40 49 50 
b6cef3ef9c6bfbce 2 4 11 12 15 16 18 20 27 28 33 37 38 43 46 
ea9870dfc7eefb4a 9 14 19 22 30 31 32 34 35 37 39 45 46 47 48 
a83febf2e3da3cd9 3 7 8 10 14 15 20 22 23 26 28 34 37 47 48 
d4c245ad97f8f5aa 3 5 7 9 11 12 17 28 32 33 40 42 44 45 47 
590dd54d510231b4 3 6 8 10 16 23 26 31 33 35 37 39 42 45 46 
d3faa29bd7d09dac 5 7 10 11 14 21 25 26 30 32 33 36 37 41 49 
1b81bdc608a4667d 1 2 5 8 9 12 13 19 24 26 32 35 39 40 47 
df1c67a60cb3b8e4 1 3 6 12 14 18 23 24 28 39 41 42 45 47 48 
6f88e67ecaffdf42 2 4 9 16 25 27 28 33 34 36 37 39 43 44 48 
aaaffa2ee3305a4d 3 4 11 13 16 22 26 28 37 38 39 46 47 49 50 
d5db658e96d23f69 4 5 8 10 11 18 20 21 28 32 36 42 44 47 49 
716f7dd75586f643 3 9 14 15 17 20 24 27 33 34 36 37 42 44 47 
cc6ea48415caa61a 4 12 20 23 24 30 32 33 34 36 38 39 40 43 48 
cedd0a4cc5e78b7b 4 14 17 22 28 33 35 36 38 41 44 45 46 49 50 
2b4aa56fddcbfb59 3 5 8 10 11 14 18 22 23 28 31 34 42 47 48 
0e684a5cdaf8a3e8 1 2 5 8 11 17 18 19 35 37 38 42 43 45 46 
d638299ca7cdc1f3 5 6 8 9 11 13 19 23 26 28 30 37 43 48 50 
561e63adbbce621b 1 3 4 8 11 12 20 22 23 36 40 42 43 44 45 
afe0345ea4bb6f7b 3 5 6 8 25 26 28 30 32 35 37 38 40 44 50 
1b7cfbbe0af9caf4 6 7 11 16 19 21 22 25 26 31 34 35 39 48 50 
eb80b537701a43a3 7 8 10 15 16 19 22 25 26 30 35 38 39 44 46 
74adcfdbff288a38 3 5 6 9 12 13 20 26 29 31 40 42 43 44 47 
b0ef673beeb9d83a 1 2 5 11 12 18 20 22 23 29 33 35 39 40 48 
b94da518a5af7ee6 3 10 11 14 18 24 26 29 31 32 35 37 38 39 49 
8c68dec4745d1d23 1 3 12 14 17 21 25 27 30 33 34 35 36 42 46 
fb6ee75e6be3cb24 2 3 12 15 18 20 21 22 32 37 38 40 42 43 48 
f5d92eeefa354fbb 8 12 13 16 17 20 21 29 30 38 40 41 44 47 50 
286a373a7a2a95a8 4 5 7 10 11 13 15 22 23 28 31 32 36 43 49 
0ca5ba28bcedf5be 1 8 10 13 18 22 24 26 28 30 32 37 39 40 43 
d35ea2c8ca7c90db 2 5 9 16 17 18 20 21 22 23 25 26 44 45 47 
2bee114485e82d0b 1 10 13 14 21 25 31 32 34 36 38 39 43 47 48 
7efc92a448b6c8a9 3 4 5 6 9 11 16 18 21 22 24 28 34 48 49 
e88ab1570b84bae4 1 6 7 8 12 16 25 27 30 33 34 36 39 40 44 
eb9bbbf23c6576a8 2 6 8 13 18 20 26 29 30 31 33 38 45 48 49 
15bd0f41b8cab403 3 9 11 12 13 17 24 25 26 32 33 34 37 43 48 
dfe7ab8b4038b86f 6 8 10 18 22 23 24 25 28 31 33 37 42 43 45 
fa2ac1c182d3bb94 13 16 17 19 20 22 23 24 31 39 40 44 45 46 47 
bd1d6e71cdda1137 7 9 14 17 20 21 23 24 25 27 31 35 40 46 47 
5c016cb6ec3e069f 2 7 13 15 17 18 26 34 40 41 43 44 45 47 48 
42bb44b8ff73b9d7 4 5 6 9 11 14 17 23 28 34 35 38 44 47 48 
b68f8aa1d1ac4bbf 6 7 10 12 13 21 28 30 31 34 35 37 38 48 50 
fb1ecdace8a7bed7 2 5 8 11 12 13 23 24 27 29 31 33 40 43 50 
cc8c148a6c74c9ce 2 3 4 5 11 14 21 26 28 29 34 36 43 45 50 
9eb25fc5c6f0c03f 7 8 10 15 19 29 32 33 35 37 39 41 47 49 50 
295f9ae1cd26855a 1 2 3 15 19 22 23 25 30 35 39 41 43 48 49 
fdcfef8abbadd40a 3 6 8 11 13 14 15 22 24 25 29 30 32 35 40 
c4c053ba4cd83786 3 10 11 13 14 16 17 21 26 30 33 36 40 49 50 
e7ccdb5eebb07a08 8 11 15 18 24 25 28 31 36 38 39 41 44 45 50 
3c5cb7b1cf90886a 4 5 11 13 14 15 19 21 25 31 32 36 41 42 46 
1cbe933730dcbdcf 1 3 6 8 16 19 20 25 27 33 35 40 42 46 49 
6edf83c4b3b28ede 3 10 16 19 22 26 29 31 33 34 39 45 47 48 49 
9dbc8e139d2f4e3b 9 12 21 23 24 29 30 37 39 41 44 45 46 47 49 
cfee3fff48466b4f 1 3 6 7 9 10 18 20 22 24 32 34 42 43 47 
4a4c4d924a9ce174 4 6 12 13 14 20 26 28 30 32 36 40 44 45 46 
56d5d311261bedeb 2 3 4 9 11 14 15 21 26 29 36 37 40 44 49 
9f9da05f73dedd5a 1 5 10 11 15 21 22 25 30 36 38 39 42 49 50 
adc1d4e0ae8c6bf4 6 7 13 16 18 19 21 22 24 36 37 39 45 48 49 
a1f2d3ab4b33eb6d 1 6 12 14 15 21 22 23 24 28 32 41 43 45 50 
a03a36ebde749190 1 8 12 14 17 25 26 27 31 36 37 40 42 46 48 
010e406bf1785eaa 6 10 11 12 14 17 22 26 27 28 37 41 42 45 49 
fda5afaa35dd1a98 3 5 12 14 16 20 23 24 26 28 39 41 43 49 50 
9ef51042ade179ec 2 4 17 19 22 23 27 29 34 35 40 41 42 43 49 
b7e388179bccdcd1 5 8 9 12 16 26 33 34 39 41 43 45 47 48 49 
0ff395421ab8ab46 1 3 4 6 9 15 17 20 22 23 25 28 33 38 43 
113ea22f0e49cf3f 3 10 22 25 26 29 30 32 35 36 39 43 45 46 47 
dd9eb44e6db4a9dc 1 2 7 12 13 19 23 25 27 29 42 43 44 45 48 
f438d3c546aedb1b 2 5 9 17 18 22 28 33 34 37 38 44 46 47 48 
bac8f6349ef3de8f 9 12 13 20 21 25 28 33 35 37 40 42 45 48 50 
2bf93338e2fc8542 3 7 13 16 17 18 20 21 22 28 29 33 36 48 49 
ed15c8c1e295eac1 1 8 9 10 11 16 18 19 22 31 34 35 37 40 46 
5a2f5edc0bdac9ae 1 2 6 15 17 18 20 23 32 34 35 36 37 41 43 
443d7f7ca5996b89 2 6 8 13 14 15 18 26 27 28 29 35 38 44 45 
be6051c15a08bdb1 1 3 5 7 11 14 19 23 24 27 30 32 45 47 48 
15dbee40ed8a5682 3 12 14 17 23 24 26 35 38 39 40 41 43 47 48 
64a084c9ba71d810 4 5 10 18 21 23 26 30 37 41 42 45 46 47 48 
4d421634b4f62d33 3 4 13 15 17 24 25 28 33 34 36 39 40 42 44 
b13615eee97b4f5a 1 5 10 13 16 19 20 25 31 35 45 46 48 49 50 
5fa284ea38cda92c 2 4 8 14 17 19 22 26 29 35 40 42 43 49 50 
39e21fbe3301eaee 2 4 9 13 14 19 21 23 27 28 34 37 44 45 46 
7afb3cc6bf69e5d6 4 8 9 10 16 17 18 22 24 26 27 33 42 45 47 
cd9fcdbe44c79cf1 3 7 9 10 12 16 26 30 31 32 33 39 40 42 49 
c383cfdaac9a7bd7 1 9 10 17 25 31 32 33 36 38 41 42 43 45 50 
9b76fe4203e4ee7f 2 3 6 8 9 10 11 17 20 21 28 30 35 36 48 
5b8456d793724605 4 8 14 15 16 22 31 34 37 38 40 43 47 48 49 
762271cad4b195ba 7 9 11 12 16 24 25 27 29 32 36 40 41 45 47 
c312d127d54f0339 8 12 13 18 19 21 25 26 27 28 31 32 35 40 47 
cfa4a05f019a5f3b 4 9 12 14 16 19 22 23 24 27 31 33 34 37 38 
e608e4696204c5e5 3 5 10 12 13 14 19 23 24 31 33 35 39 42 43 
a82acd1cc09dfda5 1 3 4 7 8 12 18 20 38 39 42 44 45 47 49 
b1a67ea8b2e6ed4a 1 2 3 8 12 17 31 32 33 35 38 39 48 49 50 
ce9cd6d9c4afae32 2 6 12 13 19 20 21 23 24 27 29 34 39 41 42 
ddf1deadb0e2ba4b 1 3 4 6 11 22 23 25 26 29 32 36 42 44 46 
ff7cbffbcfa2fcdc 1 2 3 5 7 10 19 20 23 28 30 32 37 47 48 
52af699cfcd760d7 2 3 12 13 14 17 19 25 30 33 34 36 37 39 41 
366d5cff03c69bcc 3 5 10 11 16 17 18 19 26 28 33 39 41 47 49 
aabdd5eddf1cefdc 1 5 6 16 19 23 25 26 27 28 35 40 42 43 45 
eefcda8a69db8848 1 2 9 14 17 18 19 21 29 32 33 36 40 48 49 
937ce2addc417cc9 5 13 15 19 22 23 25 26 28 33 34 36 45 46 47 
30ac6c1e30609efb 1 5 6 13 17 22 23 25 28 29 30 32 40 42 49 
63baec0118ca4e4e 1 7 13 15 18 24 25 28 29 30 33 36 37 42 50 
c29f5eb6b69ffefb 1 3 12 13 14 18 19 23 24 28 29 30 40 47 49 
b9be0f33e5c9e194 3 4 8 9 10 16 18 20 21 31 32 39 42 45 46 
abf4cdb4d7b1af11 4 9 10 14 15 18 24 26 29 35 38 41 42 46 49 
a0d4039debe1381e 6 10 11 14 18 20 22 27 33 34 36 38 39 43 46 
bfbb98b1062d4512 4 13 20 21 25 29 30 31 33 36 37 42 44 45 49 
3fcf38a4bfd3abee 9 10 14 15 17 25 27 30 34 37 40 41 45 46 48 
0a6db3de437fb81a 2 4 6 7 8 20 22 25 28 33 38 39 45 47 50 
fea1fafbdf4b2ff0 3 4 6 9 19 21 27 28 31 35 36 37 40 42 46 
8e41b2f627c329be 1 4 5 8 10 17 19 20 24 25 28 30 36 38 47 
f223e589056db0e1 3 6 10 14 15 26 27 29 30 34 36 38 41 42 50 
3bfc118b03ea8e9b 3 6 9 10 14 15 21 24 25 29 31 34 36 45 50 
2fe092eac61cd0a3 2 7 13 14 17 22 24 26 28 31 41 42 43 44 50 
cab0d505eb118fcf 1 6 10 14 15 16 17 18 21 26 31 35 42 43 49 
de4243ae09fbb2be 1 4 14 20 21 28 29 31 34 35 37 39 43 45 47 
81dbb9ab1c2576a3 3 12 15 16 17 20 23 28 30 31 35 37 39 44 45 
94830f4bdacfa082 3 8 12 19 20 24 25 29 35 37 38 39 43 47 48 
cce1fea1f99323a6 1 4 8 9 18 23 27 29 30 31 32 34 44 46 48 
e5fc1faf41bfc6dd 5 12 14 15 19 24 25 34 37 38 40 42 44 48 49 
f92efcaa953a16cc 3 4 7 8 9 20 22 29 31 36 38 45 47 49 50 
93bdeff15e8f3182 4 12 17 22 26 28 30 31 32 34 35 38 43 46 50 
ae1b4ef5fb585d92 3 4 10 16 18 19 20 22 23 25 33 34 39 43 48 
2cbdff6a107b17ff 5 6 9 10 15 23 25 29 31 33 34 36 40 43 49 
791f1fd5adad768c 3 4 10 13 15 18 26 27 29 34 35 38 40 48 49 
5dcdd228effd3c0d 6 9 11 14 18 20 21 22 23 31 33 38 40 45 46 
a7d36e65a0eeb00b 1 6 12 17 19 23 24 26 28 31 33 36 38 44 50 
ffe2d13d70fd8ead 3 8 11 13 15 21 27 29 34 35 37 38 44 45 48 
faafec3fa875ffb0 4 9 15 17 19 21 23 25 26 30 33 36 46 48 49 
48db9c51a6dcfb22 2 6 12 13 21 22 25 28 29 34 40 41 44 45 48 
8c8ae9de90c82ddf 1 9 15 18 19 22 26 34 35 40 41 44 46 47 48 
b987f588cea3bbf1 1 10 13 17 21 24 27 35 37 38 40 46 48 49 50 
dba1c7aefce7b89c 1 3 7 15 18 30 36 39 41 42 44 45 48 49 50 
8d9b6db08e54c83b 2 8 13 14 18 26 28 30 33 35 36 39 45 46 48 
cd5cb46f9bb67c11 1 2 10 15 18 19 22 24 28 31 37 39 40 43 46 
5d55facfb6055da5 1 3 5 8 10 17 23 25 26 28 33 35 36 44 45 
2756efdb13a342b2 4 5 10 17 18 22 25 27 30 34 38 40 42 44 49 
c99658e3617c0cda 2 8 10 15 19 21 29 30 31 32 36 40 42 44 46 
aabeebfa3213bfea 4 5 6 8 9 12 13 22 23 28 34 39 46 49 50 
a200fb55e70405da 5 9 10 11 15 26 27 29 32 33 36 39 40 42 48 
841bf7fea7a27de4 4 5 12 15 17 27 33 35 37 38 39 45 47 48 49 
d7b70efaca9e2fed 6 7 12 19 25 26 28 30 36 37 38 39 44 47 50 
56ece6c6aefcc005 1 4 6 13 17 20 24 26 34 35 40 41 45 48 50 
48dab4c0d34beae4 1 2 3 9 14 15 18 19 23 24 25 38 41 43 47 
d192872433c0fbbd 1 4 15 17 19 20 22 25 26 34 35 37 41 43 50 
281b5c9f6a5d036f 5 6 7 10 12 13 17 25 29 30 39 41 47 48 50 
a7a85b338b5fec6d 2 8 14 17 18 23 25 31 35 36 37 39 48 49 50 
e79837a1f6c8866f 1 2 5 7 15 21 27 32 33 36 37 43 45 46 50 
5aefeedc741f58a8 3 11 13 17 20 21 30 31 32 34 40 42 47 48 50 
a7deabcdca50fac6 1 2 7 14 20 24 25 34 37 38 39 42 43 44 48 
56b8ea4eca5564f1 3 10 18 19 21 25 29 32 34 35 39 40 43 49 50 
20a84254e7fb832a 2 4 6 7 10 12 18 19 24 25 32 34 40 44 46 
df87c76eef3c64bf 5 8 13 14 16 22 24 26 28 29 36 41 44 46 48 
4767aad1e1c00acb 1 3 11 13 14 15 18 24 33 34 36 38 39 46 47 
0e0e017fca14b80a 1 6 8 9 14 17 22 24 26 31 43 45 46 48 50 
f3fa5e41d5dfe8d8 2 3 10 14 21 23 25 30 33 34 38 39 43 48 50 
f95bd84c48a00d9b 1 3 8 11 13 17 18 19 25 26 27 28 36 38 50 
c5a4ac2d21bbc417 4 6 11 12 13 18 22 24 36 39 41 42 44 48 49 
ffd2b911ed48c9c7 4 9 11 12 13 25 29 31 34 38 39 40 42 49 50 
be49b5b5ba406447 3 13 14 20 24 25 35 36 40 41 42 44 46 47 48 
d57ea9acf4f49e44 3 9 10 15 17 19 20 21 29 32 33 38 43 46 50 
c2008b55a782e906 2 7 8 10 11 17 21 26 30 31 36 37 43 47 49 
1b6e46bc3d837d6c 4 8 10 12 16 18 19 20 35 36 37 39 41 42 49 
d80b6305c0c331cc 3 6 8 9 21 22 23 27 30 33 36 43 44 46 50 
9fee8d903cb6d42b 3 4 9 14 16 26 27 29 30 34 38 39 45 46 47 
ed278adaf3a8cf6d 2 5 11 14 15 18 19 21 24 25 26 38 40 41 46 
c928f68ee3e0099c 3 6 7 12 13 17 25 28 30 34 36 41 45 46 49 
94b733e6e6e5be34 2 3 4 13 26 27 35 38 41 42 43 45 46 47 50 
bdeeb072ec0eb8ff 2 5 7 9 15 18 30 33 34 37 41 42 45 47 50 
b8b9adfb0c1a7fbd 7 8 9 11 15 19 21 22 23 29 35 37 45 47 48 
9f705bcdd244e9c6 4 6 8 11 13 14 18 19 23 24 25 33 43 44 47 
d27b22dc24eacc9e 1 2 6 7 13 24 25 26 29 33 36 37 40 41 47 
11e2d3a1b12c26ba 8 10 12 13 17 18 21 23 26 32 42 43 44 49 50 
56b86d2acc04b551 1 2 7 11 12 18 23 24 26 32 33 37 40 45 47 
9f88debbc4dc4db8 1 7 8 12 15 24 28 32 38 41 42 43 45 48 49 
e8cedaa0ce5a03fd 1 4 10 15 17 18 19 20 22 26 31 35 43 48 50 
d77ff5ae4885e16c 2 4 7 10 11 19 20 25 28 29 30 35 36 39 49 
8b55a7ab885e1fa3 2 7 12 16 21 23 27 28 29 34 35 37 47 49 50 
6065f7ebf14f7f2b 2 8 10 11 14 16 19 20 24 29 31 42 45 48 49 
ca21271fbb3f1eb3 7 8 12 16 17 21 25 26 30 31 38 39 43 46 47 
384b5aadfb147bbc 2 3 6 7 10 14 15 17 22 23 24 27 44 47 49 
a77cff09faafb530 3 5 9 12 15 16 22 23 24 38 39 41 43 44 45 
1f3f4a59b0e20055 3 4 8 16 19 21 23 27 30 35 38 39 42 44 46 
931f113f1314e91f 3 5 7 8 9 16 18 22 29 32 36 38 43 49 50 
ddbf72bbeae93313 1 3 12 16 18 25 26 29 31 33 36 38 40 45 48 
8e4b5fd0ba6fcc45 1 2 8 9 13 22 26 28 32 33 34 35 38 40 50 
6917bca6b62c9dd5 1 6 10 18 29 30 31 32 34 39 40 42 43 44 50 
7fa5f7bcb4f8bbfd 3 7 14 17 19 23 24 25 29 30 31 33 35 39 45 
f8d3f4d471110ecf 1 3 5 8 10 18 19 21 26 33 35 39 43 46 50 
bb6116bb5fb86ff8 13 14 17 19 21 30 31 35 39 44 45 46 47 49 50 
e47e6fbd623dccd8 3 4 13 29 30 32 33 35 36 38 41 44 45 46 50 
6844ac6cfbe92ff3 6 9 12 15 17 23 28 29 32 37 38 40 44 47 50 
0eaaf5327a6e8a66 5 17 18 21 22 25 30 32 33 38 40 43 47 48 49 
f57a1eada6fcb686 1 2 3 7 8 13 17 24 27 30 31 34 43 44 50 
ce7d98bb3a1eabed 5 9 12 14 17 18 28 30 34 35 38 39 46 47 49 
b86e1fe04fac7de1 1 2 6 7 8 10 14 26 30 32 36 41 43 48 50 
eb2e7ebcb77ddaff 1 2 7 9 10 15 16 18 24 25 30 31 41 44 48 
f2ae0f27fcc88d8c 6 7 9 11 19 22 24 27 29 35 37 40 42 46 47 
a6b5ec93fe1d62ae 4 7 8 13 17 19 22 25 27 29 33 38 41 45 48 
e33bbb58e5d3b21b 2 8 22 24 26 28 31 32 36 37 38 42 43 45 47 
7cfe41d6cd19ea55 9 11 14 17 22 26 30 36 37 38 39 40 46 49 50 
3c663cdc6ebf4202 2 4 8 9 13 14 15 18 19 21 25 27 39 41 43 
c7dc50d4a470ab21 3 6 7 9 13 15 18 19 21 24 39 40 41 44 47 
ccd8bc2b0c978e2e 1 5 10 14 15 18 21 26 27 31 32 37 38 42 45 
caac90ab53415a37 6 8 15 16 17 18 19 24 28 30 35 36 42 43 48 
c2a31f01eab340c7 5 6 7 8 11 13 26 27 33 36 37 38 39 44 47 
f7cc7a6ac59b6a1c 3 10 13 16 22 25 26 29 30 32 34 36 40 45 48 
d6c35cd8eedc6aed 2 5 6 10 18 19 24 25 30 39 40 43 45 47 50 
6ced9d77f6a741d3 2 11 12 14 21 24 25 39 40 41 43 45 47 49 50 
d032232f30e657d0 4 11 14 15 16 23 24 28 29 33 35 42 45 49 50 
e1bf58faa6ccf82b 3 4 10 11 15 17 18 20 28 31 32 36 41 47 48 
9f0feba2459fcd91 3 6 9 14 18 19 22 26 28 41 43 44 45 47 50 
9ddec102ef1b8624 8 10 12 13 15 18 19 21 24 25 27 29 32 48 49 
bebbeea2e5dd7b54 3 4 8 11 15 16 23 24 29 32 36 38 47 49 50 
52db402523b224e3 2 4 5 14 19 21 23 26 29 34 36 39 40 45 47 
e2c7ed39cca3a6bc 2 3 5 8 9 13 14 15 19 25 33 37 47 48 50 
a6617d4f3baeb3af 5 7 9 14 15 16 18 24 30 31 33 37 42 44 49 
cdba13a7de6f9b0f 4 7 8 10 11 12 15 20 26 31 42 43 47 48 49 
c98cf2090b0bcff3 1 3 4 8 10 16 17 18 19 21 25 28 31 45 47 
a0d6535bdf3b7ae2 4 5 6 8 9 15 17 22 27 33 36 39 40 44 49 
96ddab746b5b5af5 1 3 5 8 16 17 20 23 25 30 34 42 44 45 46 
efcd9f5ead3bbf7d 4 6 11 12 14 18 20 24 34 35 37 38 41 42 44 
ffcd53feed8a1671 1 4 7 16 18 19 21 25 27 30 31 35 36 40 42 
c4b0fcdfdc88d4fe 2 6 13 14 15 18 21 23 25 28 39 40 42 46 48 
a3f3ecaabfd4f5a6 1 2 10 15 20 21 22 23 28 31 33 34 36 40 45 
5109274c58c8f737 8 9 16 17 20 21 22 28 30 31 36 41 45 46 50 
b84b9dcbd4f8edee 2 6 7 9 12 18 24 26 32 33 34 43 45 48 50 
93669f5643da7d71 1 2 6 8 10 18 22 25 26 27 28 29 33 45 50 
81c5f92b70fbdbf9 1 5 13 14 17 21 22 27 29 33 35 44 46 49 50 
8e59714d7ddaafda 1 4 5 8 12 13 15 16 21 23 30 36 38 46 48 
ddd7a6cbfcf72661 5 7 8 11 12 18 21 25 27 34 38 42 43 47 48 
39cacaa7b2ebcbab 5 6 9 10 12 13 19 21 22 23 31 33 34 36 46 
cf24fc734acd3e54 4 5 9 13 19 20 28 30 31 37 38 44 47 49 50 
41db26600f295392 3 7 13 17 19 21 25 27 31 35 40 42 45 47 50 
8d713cc239fa0f4d 1 4 9 17 19 22 25 26 28 31 34 37 38 40 49 
3a9f14cde0eebf94 1 8 12 17 21 24 25 26 28 29 30 34 35 45 46 
932cd6ec70df9b7e 1 2 3 5 13 18 19 26 27 32 41 45 46 48 49 
2f4eabc8bcfedd0d 1 5 7 11 13 15 19 26 28 29 32 34 38 44 48 
fcf1de52cff8adef 2 8 13 14 15 19 26 28 32 33 34 37 41 42 46 
a8aebfdebe9b682f 1 4 7 16 19 22 23 24 29 34 35 39 40 43 50 
91f7eb51c15eac42 2 3 4 6 9 15 21 23 24 26 33 36 43 44 47 
ae240bb1f587f973 1 4 6 7 9 19 24 26 27 32 34 39 40 41 42 
a719aa112ab6f86e 2 3 6 15 23 27 28 29 34 39 40 41 43 47 50 
e248f7c83ba2cdc3 4 8 9 19 25 27 28 29 31 34 37 41 44 48 49 
2f6911fd4de86519 4 15 16 18 26 28 31 41 42 43 44 45 46 48 49 
9a59b4dbd1ee5cd5 3 7 8 12 16 22 28 31 32 33 35 36 48 49 50 
7ede7cfb23bb5c3b 4 5 9 11 14 19 24 28 29 37 39 41 42 45 48 
7c3fafbdf1e08e63 6 7 12 16 25 27 28 29 31 35 41 44 45 48 49 
b45459014cc5d165 4 10 16 17 18 20 23 25 30 37 39 42 44 46 48 
7a8e7eef91f205ea 1 3 4 9 12 16 18 21 24 33 36 40 42 45 50 
4dcb8a6a5d3c65f1 1 2 4 5 6 12 16 17 29 33 34 36 38 46 49 
7b7767ff1fe5a68c 2 3 7 8 9 10 14 16 18 20 21 24 26 41 50 
edae17db62a1702d 3 7 9 13 18 19 26 27 34 37 38 43 46 47 50 
1798be337539a5cf 5 8 11 12 15 18 26 33 35 40 42 46 47 49 50 
d16e137526177ff1 1 3 4 6 9 10 11 14 19 20 31 35 42 43 49 
ed244b2cbd9e0bce 1 3 4 6 8 10 12 15 18 23 24 28 31 33 40 
8ed2f9dabdd9a40c 1 2 5 15 19 21 22 32 33 34 36 39 43 48 49 
9eb61db4e80bc177 5 8 9 13 15 17 20 22 24 29 32 33 38 39 43 
6db55ad0db0680f9 2 3 4 13 15 22 25 33 34 40 41 46 47 48 49 
0ac0df6afdf05fdf 3 4 8 12 14 19 20 24 26 28 32 38 39 40 42 
ba8ff61bbbdc4ad8 4 9 10 12 17 19 21 25 28 29 31 33 40 46 50 
57865b0eac6aab87 4 9 11 13 15 20 24 29 36 37 39 41 46 48 50 
9edbddc35b189cfb 1 3 8 11 17 18 21 26 31 33 38 42 43 46 49 
62ab250d39a5c6a5 2 6 14 17 19 20 27 28 30 32 34 40 42 46 48 
56c66e98bf463f75 1 3 4 9 10 13 15 18 23 25 30 31 39 44 50 
7c9e3ebfa0798c0c 2 5 6 7 9 17 22 24 29 35 37 41 44 48 50 
0b21e432e2ef9309 1 4 7 16 18 25 27 28 29 32 34 38 39 40 50 
7bc65c121dbc570b 1 4 5 11 15 17 18 22 25 38 39 44 45 47 48 
0de4f5f001840ed2 6 7 10 13 16 18 28 29 31 33 36 37 43 48 50 
9a9f5c91bfaa2364 2 11 13 16 27 28 30 32 34 37 39 42 43 44 45 
c1365423ea3d9f9d 5 7 18 21 22 23 27 29 30 42 44 45 47 48 49 
2ae0db0e56e4b0eb 2 3 5 10 19 21 25 27 36 37 40 44 45 48 50 
4dde710065e97889 4 7 9 10 12 17 20 26 30 35 36 40 41 42 48 
30e3d53a7a59c022 5 11 16 18 22 27 28 29 30 35 36 37 39 44 46 
2b8fcec9ea450b6c 2 3 6 19 21 23 30 31 35 36 38 43 44 47 48 
eb19fccc705cb21f 3 5 8 9 13 14 18 22 30 35 40 43 45 47 48 
919faccbed8cb6e4 7 13 14 15 22 24 29 30 32 38 39 40 41 45 47 
7592b969f715f05c 2 4 6 11 27 29 30 31 33 36 37 43 46 48 49 
cb551314c2d3ae7e 10 11 12 19 21 23 24 26 27 30 31 39 42 43 47 
d8c383d84adbfddb 1 2 10 13 14 20 22 27 28 31 33 37 39 41 50 
646d4c2a4d92afcf 5 7 9 11 15 20 22 27 32 33 36 39 42 45 49 
080a2ec96716d08f 4 6 8 15 16 21 27 34 35 36 38 39 46 48 50 
0d2eaa8ba11bbd91 1 7 8 10 11 14 16 17 23 27 32 35 36 48 49 
63cc3df7fead5149 2 8 11 13 14 18 21 23 28 34 35 37 43 48 49 
f9896b14dc9879b6 2 8 17 20 23 26 28 31 32 33 35 37 38 40 43 
4a8dff0619382a20 1 2 6 8 9 14 16 17 27 30 35 40 42 45 48 
1e20dcff595edba8 2 3 8 10 11 12 14 16 24 28 31 36 38 40 42 
8bdbe96da2a2f7ee 3 4 10 14 15 19 28 31 34 38 39 40 42 43 45 
dd7204eec4e6de4a 5 8 9 10 13 14 18 19 20 21 24 40 41 45 50 
318ea0e6ccf3373d 1 2 3 5 8 10 11 13 20 23 26 28 29 38 46 
b7f4216d27ade726 4 6 13 15 20 21 26 28 30 32 33 36 41 46 47 
dae68fbcac4e5d83 3 6 9 11 17 18 22 26 27 33 34 40 42 47 50 
708afa0dcb6d63ea 4 5 7 9 16 17 18 19 21 26 27 31 37 38 44 
29cc0ff604629038 1 3 9 21 23 24 25 29 30 38 40 42 45 46 48 
7a45ea4f822d23cf 3 4 5 10 15 16 20 24 26 27 42 44 47 48 49 
5bb5afa5cd3c67cb 4 12 13 15 18 19 20 25 27 29 32 40 47 48 49 
eca260c905c0da5e 7 13 14 18 21 22 23 25 28 30 37 39 44 46 47 
caee348faefba98e 2 4 8 16 19 21 26 27 30 31 32 44 48 49 50 
dd1d62f0ec3f421a 1 6 7 8 11 14 23 31 37 40 41 42 43 44 50 
65ba53c3eab03d29 3 4 6 8 13 18 19 20 24 28 31 38 41 46 47 
115d0e8d52e5e8c5 1 2 3 13 14 18 21 22 25 31 32 35 38 44 49 
5aee7cf3b98b966e 1 3 4 5 6 10 11 12 17 21 24 26 31 42 47 
82fd054fdbd0784c 3 8 14 21 22 24 28 29 30 31 32 34 45 47 50 
f3aaaf24b2bbffbc 6 9 11 13 16 21 23 25 28 29 30 36 39 40 42 
abd7beeb67ce9812 7 8 13 14 15 18 21 25 26 28 32 39 41 43 44 
ab58dc7dbe8e8d1a 7 8 16 17 19 20 24 29 30 31 32 40 44 45 48 
41ecd80f1bcad9d0 5 9 12 18 20 25 26 34 35 39 40 41 44 47 49 
e9ffa2f0c97c2ce9 2 3 6 17 19 20 21 22 27 28 32 39 40 43 48 
ef1dd5d01cbd2e37 3 4 5 7 9 10 11 14 16 21 24 29 44 45 49 
1d2fabbaba83db51 2 4 5 9 12 13 17 20 21 22 24 35 36 42 45 
dfcc56e991d9fa00 6 10 12 16 17 19 26 30 31 40 42 43 46 47 50 
3a0a78d41e87d4cd 1 2 8 13 18 20 23 24 28 39 41 42 46 47 48 
0ce21b7eb0de6e1e 5 9 10 17 24 25 26 30 34 36 37 45 47 48 50 
71c8ec4cfa408033 2 6 17 18 19 22 23 28 30 38 39 41 42 47 50 
16fbb004c9c98de0 3 4 5 8 17 18 19 24 25 35 36 37 44 47 50 
ca7934dc3529ea3b 1 2 3 4 7 9 10 14 15 17 18 19 26 28 49 
8f1d1fd55675e14e 4 5 9 10 21 24 25 26 29 33 36 40 42 48 50 
70d131263aaddad1 2 5 7 9 15 19 25 31 34 40 42 45 46 48 49 
fcc764aca46f4c5d 3 4 11 12 17 19 21 23 25 27 28 31 40 45 48 
beba1daaa89cbee2 2 4 10 15 17 20 22 24 26 28 29 40 44 47 49 
d8cc6cafea113ea5 3 6 7 21 26 28 35 38 39 42 43 47 48 49 50 
e634db851caa5b5b 3 5 12 13 15 19 20 21 25 29 30 38 43 44 46 
01a0fde3f63d1c4a 3 4 8 14 15 17 23 34 35 37 38 39 44 47 48 
72cd417942f9a09c 3 8 9 12 16 19 24 30 31 33 39 43 44 47 49 
0ba6f98d0f98921a 2 3 5 7 16 17 18 19 21 25 37 39 41 48 50 
5f00280f8ff997ca 1 2 3 10 17 20 23 27 30 31 32 33 35 43 50 
d24adda26ac9d43a 4 6 10 11 25 27 28 29 30 32 33 35 36 37 45 
bb89ccea1ec02735 4 5 8 13 14 17 21 23 26 33 35 38 47 48 50 
8f4ff01c26ddc0b4 3 6 9 11 22 23 27 29 34 36 37 40 42 43 44 
f5c3e8d7a285a696 4 11 15 18 24 26 27 32 34 35 39 42 45 46 48 
0f85ea3d9e5bf6fa 5 12 14 15 17 20 22 25 27 28 34 35 42 43 44 
831d6d6caf7bce27 5 7 9 10 14 15 16 18 20 30 34 37 38 40 45 
46dbafabf9ef05c5 3 4 6 8 12 24 26 28 31 40 42 46 47 48 50 
a342cbe6eade9a91 3 14 16 17 20 21 22 23 25 33 38 42 43 46 48 
3b03f9652dedfab0 7 8 9 12 15 19 22 27 28 29 33 35 37 38 45 
3e9dcb9d1e081dbd 3 6 7 8 10 12 22 30 33 34 41 43 45 47 50 
6c0f6b7ce52ba082 2 4 6 9 11 15 16 29 31 36 39 45 46 47 50 
c4fdfd6143c8ffda 1 2 10 15 17 18 26 29 31 33 36 39 40 42 49 
36f8e836accc3056 6 10 11 13 14 15 20 23 32 34 35 36 42 43 46 
6d6adee1a43c8cdb 4 11 16 17 18 20 22 25 31 33 34 35 36 38 42 
8ed1fba0a53ed9ee 1 7 12 16 19 20 24 26 32 34 39 40 42 44 45 
fa4659dcdbe1f06d 4 5 7 10 14 21 24 29 30 33 37 40 43 44 48 
fcd672b5ba1a7b52 4 5 6 21 22 23 26 29 33 35 41 42 43 47 49 
be03cc13514ef1c0 1 3 6 10 13 15 18 19 24 33 34 36 40 41 48 
c176b5701586e8e9 1 4 7 8 10 12 19 21 25 28 29 32 35 43 48 
30f3a16fef28f251 4 10 16 20 21 22 23 24 28 30 33 38 39 49 50 
19cb373aeb0cf03f 1 6 9 10 15 19 25 28 30 34 35 38 41 44 47 
aee50ced1b90fbb1 2 8 10 16 17 18 19 20 32 34 39 40 45 46 47 
d3aefb6ccda9beee 1 11 12 15 17 19 25 27 28 30 33 34 37 41 46 
ec8bbc5edd89a362 1 5 13 17 18 21 27 28 36 37 39 41 45 46 49 
cedf7d20b0e0c7b0 6 8 9 14 18 21 25 28 30 37 41 43 44 46 49 
b0d6f84efe4cf292 2 5 7 10 14 16 20 28 33 40 42 45 46 47 49 
ad9efe2eb72b4de7 1 4 7 8 15 17 18 19 21 30 31 33 35 40 41 
493e602548bf00cd 3 5 6 12 13 19 20 22 26 30 34 38 39 46 47 
eaccb0c2a3d0b555 5 7 9 10 14 15 23 24 26 29 38 40 43 47 49 
1dc4f83cfce29bc5 3 6 8 13 14 16 22 25 26 34 35 37 38 40 42 
f91b20795242fbce 1 3 6 7 16 17 19 23 26 29 36 39 43 48 49 
daaba1cced86a26e 1 10 11 14 18 19 20 23 24 25 33 37 42 43 48 
c0fe6daea44ac255 1 3 8 19 21 25 30 31 32 35 39 40 45 46 50 
06ec03cce0ac9deb 1 4 11 13 14 16 22 23 31 40 42 43 44 49 50 
1a9ec9fecc40efa5 2 9 14 15 16 20 23 27 28 34 37 39 42 44 48 
2df95464ae4caf8a 13 15 17 20 22 27 29 30 32 34 37 38 39 46 48 
b1ae32b23db6cdcc 1 7 9 17 19 22 26 29 31 34 35 39 43 48 49 
def3416d31deae42 5 6 13 15 17 20 21 23 32 33 36 38 40 46 49 
dd69edbd5dca0f63 1 2 5 8 14 15 16 20 22 27 29 30 35 39 44 
2e77a0103a6436a9 3 5 13 17 23 24 26 31 32 37 39 40 47 48 50 
9fa4e11fb5ba4f66 7 13 17 20 26 27 28 33 35 37 43 44 46 47 50 
42fcc6e340d6bd0b 1 5 10 15 17 19 20 22 24 25 26 30 45 47 49 
cd3e6e65de7bd812 8 10 14 18 19 21 24 25 26 27 28 34 37 45 49 
94bcbad09973f7c4 7 8 10 12 13 14 23 25 26 29 35 37 42 45 50 
aaf19db5bedd615d 2 4 6 11 23 26 28 30 34 38 40 41 42 43 50 
eefce208319ace20 1 3 11 12 20 22 25 27 30 31 35 42 46 47 48 
dc897317039e25a9 2 9 13 15 25 26 39 41 42 43 44 45 46 48 49 
fc99c6e30e0badf5 2 8 9 12 13 15 25 29 32 34 40 43 45 47 48 
13c1405a3dfb77bc 2 12 15 18 27 29 31 36 37 39 40 42 43 49 50 
2ea8e10fa8b73af2 2 3 5 12 17 21 22 29 31 38 41 43 45 46 48 
5f6c0a0415f45ca6 1 3 4 6 9 14 17 21 25 31 37 44 45 47 50 
ef5e4929fb7f6900 1 3 4 6 12 16 17 20 21 28 30 38 42 45 46 
5b441aa03235bd9f 2 3 6 12 13 14 15 23 27 28 38 40 42 45 46 
cfb9bb73a51b7cbd 2 3 5 10 13 19 20 21 23 32 34 36 39 46 47 
cb3e01dd4d3fbbce 4 8 10 14 18 20 24 30 32 38 43 45 48 49 50 
ca607b94227b1f80 3 5 6 11 17 20 22 26 27 30 32 34 40 46 48 
c15c70e50cff026f 1 9 11 12 21 24 26 28 31 32 33 34 37 39 44 
38fa0e210e8d5de1 7 8 17 21 22 24 26 27 29 36 37 38 43 45 48 
68aa6a7eb4d30988 6 7 13 16 18 21 23 24 26 27 29 35 43 47 49 
ebbeb9ec6d930c44 1 4 7 8 12 13 21 23 26 30 33 35 36 47 49 
80aaaac2b8dcb9c7 11 12 16 17 19 29 30 34 37 39 41 44 46 47 49 
84fda345feacb8bb 4 5 6 7 8 14 15 20 27 28 31 33 42 44 47 
5cdcb932b5bc8644 5 6 8 12 13 23 25 26 27 29 30 36 43 44 49 
c3c2c9e632da3adf 2 11 16 17 21 25 28 30 34 37 40 42 45 47 49 
0cfd857dba01de53 4 8 12 14 15 18 22 26 30 31 34 38 39 43 44 
62b11b20b489ae64 7 9 18 20 22 25 31 34 40 41 43 45 46 47 49 
4d81e5add8f63a8d 2 5 7 8 12 13 14 18 19 25 36 42 45 46 47 
ce48f9cfc1773a2a 9 13 14 16 17 19 20 21 25 35 37 38 39 44 50 
bdb6f9a80947de93 3 7 9 10 12 14 15 17 19 24 28 36 39 44 49 
d70c4a0de7fecd06 4 6 9 15 16 19 26 27 29 31 32 37 39 45 49 
d6dd5ef8ede83c8b 1 7 10 19 21 25 28 29 32 33 34 47 48 49 50 
217d0f6ca874b2f6 4 7 9 15 16 23 31 34 35 37 38 42 45 46 48 
9f6edbed016a2ecd 1 3 4 5 11 13 16 17 21 24 30 31 35 40 42 
2f46f3436cd3e919 2 5 10 13 14 15 16 18 19 24 25 42 45 46 49 
1c5ba66bb3814bac 1 6 7 10 12 17 18 24 25 29 30 36 42 47 50 
cf336d5a64dcfac3 1 5 6 8 13 15 26 28 30 33 40 41 46 47 48 
06f2ec3b7b8e55b6 3 9 10 14 21 22 26 29 30 35 38 40 42 43 45 
bc7787663efec407 1 6 7 8 12 18 19 22 28 29 33 37 40 44 45 
9eade37ee664dd2e 1 9 10 11 14 17 23 25 27 28 31 33 34 48 49 
e7684c9775c2dcd0 1 4 5 13 16 20 24 25 30 33 36 37 44 45 46 
5abf0a732acc14e5 3 5 11 15 19 25 30 33 35 36 37 38 42 43 49 
8eeabd98a8e884af 5 9 14 18 26 29 33 36 37 38 40 43 45 49 50 
ccdc22b120953adc 2 6 10 12 13 16 20 36 40 42 43 45 47 48 50 
367d3842f8db020c 9 10 11 15 16 22 23 25 26 29 31 33 38 39 43 
dabfde48b80db8af 4 7 9 10 13 22 24 25 31 33 34 39 41 46 49 
3beb0fd89ce77eeb 9 10 18 24 25 27 29 30 32 38 40 41 43 48 49 
cdde5da3fce46fd4 4 5 9 13 14 16 21 22 27 29 30 34 36 37 40 
691f71d1dec4c864 1 5 6 7 9 10 12 18 20 23 31 34 37 42 49 
0ffb41cc0bcfabc3 3 7 9 15 17 18 22 27 30 39 41 43 45 46 49 
efb4cc68fe9eeb92 2 3 4 14 16 23 26 27 29 31 35 45 47 48 49 
a09adb62c59afa49 3 7 12 13 14 23 26 27 33 34 38 39 40 41 46 
a44b064471a10dec 1 6 8 19 23 25 26 27 28 32 37 38 40 47 49 
7ffd689ba1e85230 3 6 9 19 23 25 28 34 39 40 41 45 46 47 49 
acffedde5fbb859d 2 5 11 21 22 25 30 34 35 40 41 42 43 47 50 
cf14dc21c7ab1c4c 1 5 6 15 19 29 35 36 40 41 42 43 44 46 48 
f5bd57eaffc5dbf9 2 5 7 11 12 13 18 21 23 25 27 32 42 44 50 
aecf2bf6d9b78ced 4 6 9 11 16 18 20 21 33 35 36 41 43 44 48 
1eef23d3aeab1eb0 10 12 17 23 24 29 30 34 35 36 38 39 42 44 46 
c6aafaff3fc4326f 5 9 11 15 19 21 29 31 32 34 35 37 40 46 49 
28f537ccebe1ee71 1 2 5 6 13 15 20 22 27 35 38 39 40 43 48 
99f846b3cd754705 1 2 4 10 11 12 16 17 26 31 35 37 40 42 43 
4bbeab8cf3dad6dc 1 2 6 7 20 27 28 30 31 32 33 34 36 44 48 
664a0f94566755df 4 11 16 17 22 23 24 26 29 32 38 39 40 46 47 
eb2e5e318eea461f 1 14 16 17 22 25 26 27 28 30 33 36 37 40 47 
5f27e9b222afeebb 8 12 14 15 24 25 28 33 34 39 41 44 45 47 49 
ffb5cbdcdfa4cc5d 3 4 6 10 15 17 21 25 29 31 32 33 38 42 49 
53ebfeba7c50fbba 5 13 15 21 24 25 26 27 29 33 35 41 44 47 49 
db2e0e179aa4d654 2 4 6 7 8 10 13 14 20 22 26 29 31 37 45 
885a7b0c8c8a960a 2 3 4 9 10 13 14 16 18 20 21 25 38 42 46 
11029dcdc3d4eedf 2 3 7 9 19 21 23 30 32 35 37 41 42 43 48 
a5dd75ae44ccbabd 11 12 17 20 24 26 29 30 31 32 37 43 45 47 48 
dde417a4df27cabd 1 6 11 12 18 22 23 24 26 29 39 41 42 48 49 
afa2e20fb8cca0a5 2 6 10 13 16 18 19 23 25 26 31 32 39 41 50 
7acc111c4e59dbff 5 9 13 14 16 18 22 31 32 36 39 41 42 46 47 
ecda6ae422bf538b 2 4 8 14 15 18 23 24 25 26 28 29 41 47 50 
0f6d60a7d854d8ae 1 5 9 12 16 21 23 27 28 29 34 37 44 47 49 
0a7b99ca4c1cfbb4 6 12 14 15 17 18 21 27 31 37 38 42 44 45 46 
92bf2ff5bcecfea5 4 5 9 10 14 17 23 31 37 42 43 44 46 47 49 
4a64a0d87feaf83a 4 6 17 21 23 27 28 31 32 35 37 38 40 44 47 
aa07bcd9bf17ec16 1 8 14 17 18 21 26 29 35 37 41 43 45 46 48 
ab30bd195322bfdb 1 2 5 12 13 15 18 25 28 29 30 33 37 40 45 
4fb8ea667b6e48c2 12 13 23 24 25 27 28 33 35 42 44 45 46 48 50 
1a2acad8eb8eef2a 1 3 4 5 6 11 13 14 17 20 26 28 37 47 49 
aeae14d724cf35ec 2 9 11 12 17 18 19 24 25 32 38 40 43 45 48 
1edc1792d14c72cc 3 4 11 15 23 24 26 28 33 35 37 39 40 46 48 
e4ed9bdde423d844 7 8 9 14 15 18 19 21 23 28 32 36 38 43 48 
b054c116feeeb9f5 1 5 14 19 21 23 28 29 30 34 35 40 41 43 49 
dad06b739ca4bc2d 2 8 9 13 14 16 28 29 37 38 39 40 43 47 49 
dbec1c8af41b5cbb 4 5 7 10 11 14 20 23 29 31 33 43 45 48 49 
ca36a30acb6e8bc6 5 7 9 12 20 27 28 29 30 33 34 37 39 44 49 
eebc2069fc5d8a3b 1 4 6 7 8 10 17 19 23 24 26 44 46 47 49 
e366cbccaaf5b2bd 3 5 9 12 15 20 26 29 31 33 34 42 44 45 46 
daeeca20e51f5a46 1 2 10 16 18 20 21 24 27 29 31 41 42 48 49 
b9f3e9e9ddc17a9c 1 6 10 15 20 21 25 26 31 34 38 41 43 46 47 
cccfea0e0df5aed8 3 5 12 14 15 17 18 23 24 25 26 29 32 43 49 
c6cfd64404fc83da 4 7 11 18 19 22 23 27 28 29 30 33 36 38 41 
aa38063cc38dad7e 1 10 12 15 18 24 27 32 34 36 39 41 42 45 46 
8ec1ad03c04fda8f 6 8 13 15 18 20 22 25 30 35 37 43 45 47 48 
ce5225c977f653eb 2 4 10 12 14 17 24 25 28 29 30 36 37 39 42 
ab59b180a9d501a0 1 4 5 8 12 13 19 24 28 29 31 41 47 48 50 
7dd6b668c86a19c4 4 5 8 13 15 16 18 19 21 26 27 28 36 43 50 
476e65e6cdfb06bf 11 13 16 18 21 23 32 34 37 38 39 40 43 46 49 
0df6acac84340c9e 6 12 16 18 22 25 26 27 28 33 36 38 46 48 49 
6a9d3f40d5267d4e 1 2 3 6 11 17 20 24 26 29 30 38 40 46 49 
430e9e026bc7e4ef 3 5 7 11 12 20 24 25 39 40 41 42 43 46 49 
c33c57b0e5cf6feb 1 10 15 18 22 25 27 31 33 36 41 43 45 47 50 
5fd5cd6501e7a366 1 3 12 13 15 28 32 34 35 37 38 39 43 45 46 
ced76dc946ec036d 5 6 7 8 9 21 23 24 32 34 40 42 43 47 49 
b8eab96bd01aeb89 8 9 11 12 14 20 22 23 24 32 33 38 44 46 50 
aea6d98af2a2ea69 5 6 9 10 11 14 16 17 20 23 25 27 33 38 41 
4a3a9037d26e559d 3 6 12 13 16 17 27 29 34 35 36 39 41 46 49 
d39b11c49e9a76d2 1 4 6 7 8 14 17 18 30 33 38 41 43 45 48 
37cd8fdd3e4b0cca 3 4 6 9 13 15 17 26 28 31 36 40 43 44 45 
e4ad1fe5d427ecab 2 7 8 13 16 17 19 20 21 26 32 37 38 40 48 
d0fb4ff1a59258bd 5 6 12 13 15 19 20 26 32 34 37 39 40 41 47 
f49be1acebb6ae23 4 6 14 21 23 24 28 32 36 37 39 40 41 42 49 
ada6fec175da0fc8 3 6 12 13 16 17 22 24 29 30 36 39 40 44 48 
8be6d33cb2b67bba 2 3 8 9 11 14 16 18 24 25 27 29 33 37 41 
8c06d4dae2dcc8a0 4 11 12 13 14 17 20 27 29 31 32 33 34 42 46 
ce1a8c5c1f7eced2 3 4 11 17 19 23 26 30 37 38 40 42 44 46 50 
1c80bfaf3d31ae6b 6 15 16 22 23 24 37 38 39 41 42 43 44 45 49 
c52daec1dd61fb0b 5 6 8 12 13 22 26 31 32 33 35 40 43 44 50 
06fb4fbc2c4eeca1 2 6 7 10 14 16 19 23 25 27 36 40 42 44 45 
d0ddd50ec034bdea 1 2 10 12 16 20 22 26 31 34 36 38 44 45 47 
fda88b79ea13b6c3 6 8 12 17 22 24 25 33 38 44 45 46 47 49 50 
c1d3c9c1bf658b70 3 11 14 18 19 22 29 32 33 37 40 43 44 46 50 
f6617d8584c44ffa 2 4 8 10 11 21 28 29 30 40 41 44 46 49 50 
95047b2cbb45c535 3 5 8 10 12 14 15 16 21 24 31 32 44 47 50 
9ec4ed0b35fc0d3d 1 6 8 13 18 21 24 28 31 33 34 40 47 48 49 
0a712aafbd796ee6 2 3 8 10 16 17 20 23 24 27 28 35 37 38 42 
9c2498cfd405075e 4 5 6 14 16 18 20 23 30 31 33 37 41 43 44 
f86c01eddd3f7a5c 2 4 10 11 14 18 24 25 27 34 35 37 39 40 50 
e0e98e1e660ad7ff 3 4 9 18 19 22 27 30 31 35 38 40 42 45 49 
cc9e6c6b20bde0ba 1 6 10 12 16 19 22 23 25 26 39 41 46 47 49 
a496fa0a6b83431f 4 6 7 12 16 20 22 29 33 36 38 40 42 47 50 
5f459dcc7a7cb7fc 1 2 3 4 10 19 20 24 25 29 30 34 37 44 45 
9451de6ec19897e5 5 12 13 18 20 25 29 31 34 43 45 46 48 49 50 
01df915cba3cdff3 5 8 9 10 18 20 28 29 31 33 34 37 44 46 47 
c9568bcff300ada1 5 6 7 8 10 14 18 21 22 23 25 30 40 46 47 
f16e611114228ad3 3 5 6 7 11 13 14 17 24 25 33 34 37 41 48 
93aaae1590a7fbff 3 10 16 20 21 23 27 35 36 37 44 46 47 48 49 
adda583cdfac8122 1 2 7 17 21 22 28 32 33 34 35 36 41 48 49 
104b0eb5e4dcc4cb 2 5 8 10 12 14 25 28 30 33 36 37 41 42 44 
e4c68f2a669fcec1 1 7 9 10 11 12 22 23 28 35 36 39 41 44 47 
3100c9dd57a82041 4 6 7 10 13 16 17 20 37 38 39 40 44 45 48 
24ceaec81b86e05c 1 2 3 4 6 13 16 18 27 34 37 38 40 47 48 
852aa7557a799cec 7 9 13 14 15 23 24 26 28 31 32 34 35 44 49 
da676979c1eb6ab3 6 9 11 12 13 19 25 27 28 32 35 41 44 46 50 
958664dfdad8de2a 1 5 8 10 14 15 23 24 29 33 35 38 39 44 45 
dfa7a238d05f16b1 1 5 8 15 17 24 25 30 36 37 41 43 45 49 50 
c83db85f96d6cc07 3 8 11 13 16 18 21 29 35 36 37 40 48 49 50 
2bceef4575efe6c3 6 10 14 15 19 25 26 27 28 31 35 36 38 39 41 
57ba4b9f97e501db 1 9 11 12 13 14 15 19 20 25 26 33 36 45 49 
f046df3ceff80fa4 3 9 10 11 13 16 17 20 21 23 24 33 35 37 38 
4ee3eeeeede6dc6b 1 2 8 11 16 18 21 29 30 33 34 35 36 40 43 
90ef2df49c89ebf4 2 5 9 11 14 16 23 24 29 31 36 39 47 49 50 
37f086f3dcd97c8d 1 3 11 14 18 20 24 25 26 30 33 38 42 46 47 
e9b1a4babecff3ec 5 9 15 19 21 27 30 31 32 34 36 37 41 44 49 
bd68e8b52a04eeb8 2 3 14 16 29 31 32 35 38 39 40 41 46 48 50 
c12e3dc1cd2dbca9 4 9 14 16 19 20 21 29 31 34 39 40 43 46 49 
2f7926cc21b7c062 2 10 11 12 14 17 18 24 25 35 36 37 39 46 47 
fbfe476dc1dbd8d5 2 4 5 8 10 13 17 20 25 26 32 36 45 47 48 
f0bbaf4af15d92bb 7 17 20 22 23 24 26 27 31 32 33 35 36 40 42 
32d2ffcb72fda481 1 5 12 14 20 22 28 29 33 38 40 43 45 48 50 
84fa99df937f92f2 1 4 9 10 15 18 26 33 34 35 38 41 42 44 45 
a662c250c0fe55bf 3 4 5 14 19 20 22 23 25 36 39 42 45 46 48 
d98c198a4d9cafa8 2 3 5 11 12 18 23 33 37 38 40 42 44 49 50 
f527baa9032ebb90 9 11 14 16 21 26 28 31 33 37 39 42 43 44 50 
81ca636bcde41bad 2 6 9 12 13 14 16 28 30 34 35 36 37 39 42 
2dd159e22e474941 1 9 11 14 15 18 19 29 30 31 32 34 38 39 43 
cdde71266c1da7e7 4 6 10 13 20 22 24 30 32 33 35 37 38 42 48 
af80fceed98f9ea9 5 6 7 8 9 13 16 18 20 27 28 38 39 43 44 
647795f33bedc7c9 2 4 5 9 14 17 22 27 30 32 34 41 46 47 50 
88774ff03d4cabef 2 6 8 10 16 17 19 20 23 24 36 38 40 46 49 
2c7d72870cd56b4f 2 3 4 5 6 14 16 25 29 30 31 36 43 44 45 
f0b9b85ce01c8d8a 1 2 6 9 11 15 17 23 24 25 36 41 44 46 47 
7cb26c02fad28b13 2 3 4 6 10 14 17 20 22 23 28 33 37 42 43 
9f52c8dc25acf932 6 7 9 18 19 21 24 25 26 31 32 33 39 42 49 
eae45a4e857ab812 3 7 13 17 18 24 28 31 32 33 34 35 40 42 46 
fe4328aa5374e107 1 4 9 10 13 23 24 25 28 31 36 37 40 43 46 
3cefbbbff133d1d8 6 9 11 12 19 22 24 28 30 31 39 40 47 48 50 
2df4a1d88950aca5 3 5 6 11 13 14 18 19 20 23 26 29 30 39 43 
6e04c4ec252fb7ac 7 8 14 16 17 23 28 33 36 37 41 46 47 49 50 
b6c04efe09b2f3a3 8 9 11 14 23 24 26 27 29 30 38 39 40 44 48 
c4aae38ec4e17dae 7 8 11 16 18 22 32 35 36 37 38 39 42 43 48 
e2abba46a2dfaf04 1 2 3 6 9 13 14 25 26 30 32 35 37 38 41 
648afa85d2c1ad20 4 9 10 11 15 18 19 28 31 33 42 45 46 47 49 
e4f8c548e3dfa187 8 9 15 22 23 27 28 30 35 36 39 42 47 48 49 
1f51c77e4c220d67 11 14 15 21 22 23 24 29 30 37 40 41 46 47 49 
075d7cc5df9c90e9 3 4 5 6 11 16 17 21 23 28 36 38 39 42 49 
5a9bbef2c0dc5bdd 2 4 6 9 10 20 23 24 28 30 31 33 36 43 45 
beab2589bab46432 1 2 3 5 7 13 19 20 22 26 27 33 34 36 42 
9eb54adbb2d015fa 2 6 12 14 17 18 21 26 29 30 36 40 46 47 49 
c77b0166f53c9279 1 9 10 12 20 26 28 31 34 35 41 42 45 46 50 
ae2c9d9d52d0ff3e 4 5 6 8 11 12 15 23 28 31 34 36 42 44 48 
3d862d31a033cf0a 4 5 11 14 16 17 22 23 24 27 36 38 39 40 48 
de7e72fc9fa1c404 4 7 11 12 14 17 21 22 24 33 38 42 43 48 49 
bcce70cd0caf1c30 2 3 5 8 11 12 18 25 27 29 32 34 36 37 44 
2adcfdfed36bae52 6 7 9 16 19 27 29 31 32 35 38 40 47 48 50 
f622eb263f7e39b9 1 5 6 8 19 22 24 25 27 29 30 31 32 34 42 
db442672adef6fee 8 9 12 13 15 18 19 23 27 33 37 39 42 43 44 
60e2852b49929a29 1 3 4 5 8 12 16 18 19 23 25 46 47 49 50 
c1fefc7babdffbce 6 10 11 12 20 25 27 28 30 32 33 35 41 43 45 
f7187c0dbf547f5c 2 5 9 14 15 27 30 34 36 37 41 42 44 47 48 
cbebeefd2fc448f0 1 3 6 12 16 26 27 28 32 33 37 39 40 49 50 
c45939c398b4e1de 1 2 15 17 19 21 23 25 27 30 35 37 38 44 48 
d63342a7405ff9a9 1 3 4 8 11 14 16 20 21 24 27 29 32 38 47 
58acccb4ba2ef568 2 3 12 13 17 25 27 29 34 35 36 40 44 46 48 
806d94bdcec0e6ee 8 9 18 21 24 30 33 35 36 37 42 43 45 47 49 
d0263d4a48a00cd6 1 3 10 11 14 17 18 19 23 25 26 28 29 39 43 
badae926639ec48c 2 7 9 11 15 16 20 23 26 28 32 34 40 46 47 
a49c0dc8e806a1ce 1 2 4 7 11 16 20 29 34 37 38 39 42 46 49 
0a90d89ad07dd36e 1 2 17 20 21 23 26 29 31 34 37 42 43 44 48 
8e34dc1de6fa1dd1 1 2 5 10 11 14 18 20 24 25 27 32 40 44 45 
44abf7b9d2bbebea 2 6 12 15 17 20 23 25 32 33 38 41 45 47 48 
ece885eaddd19fb3 3 9 12 13 16 18 20 24 31 37 39 43 44 45 47 
cffe710455a79754 3 6 7 9 13 14 24 30 35 40 41 43 45 48 50 
8b6bbd4f900e099b 3 5 6 7 11 14 20 24 26 34 36 37 44 49 50 
cb8166fb6013aef7 3 6 10 17 19 20 30 31 33 34 36 39 44 46 47 
bcf0d718aa778c04 2 3 5 13 15 16 17 23 29 32 41 42 43 45 50 
eb0051d07c49703f 4 5 6 9 12 15 18 19 21 26 31 35 43 47 48 
a5dedcc9061eca03 2 9 11 13 16 20 23 26 29 32 33 39 40 45 48 
e5abf25dcb6a8040 1 4 7 12 17 18 19 21 28 33 38 42 47 49 50 
ae34c8aeeedf5d78 4 6 9 11 13 15 16 18 25 28 31 38 42 43 46 
7f91afa387436bb5 9 18 20 22 25 27 32 41 42 43 44 46 47 48 50 
fedd36e4c8269e01 1 5 9 11 12 18 24 28 29 33 34 43 45 46 48 
e6debfbdd13b0dfe 6 7 9 11 12 13 16 20 23 24 28 29 33 34 47 
a19c7586c63de51a 2 9 10 14 24 26 28 30 32 36 37 38 39 40 46 
2c1bcab0defa9d7b 7 10 13 15 16 23 27 29 30 34 37 39 45 46 48 
cb2b5cb9fd144ee6 1 8 11 12 15 22 26 28 31 35 38 39 42 44 50 
777e6bf98f25e0d7 2 4 6 9 10 13 16 19 21 31 36 41 43 45 49 
df2cbaae5ec0f597 1 6 7 9 11 18 21 23 31 33 36 38 39 46 50 
074a3a80eacc7a8a 8 11 18 19 24 26 27 28 34 36 39 40 47 48 50 
fdcdcd89570e5d8f 8 11 12 14 16 19 25 30 31 34 37 41 43 45 48 
b4f674d714d14c87 2 3 6 11 12 13 21 23 26 28 29 40 45 46 48 
7e8bf3f376d9fe3d 2 3 6 8 11 13 18 19 21 23 27 33 39 42 46 
b29e95e0577f2aeb 9 10 13 18 20 21 23 24 25 28 37 40 42 46 50 
2002ecba3d9826f3 1 3 5 7 9 10 12 18 19 20 21 34 38 42 45 
2dad2f4db6adad24 1 3 5 11 14 16 18 20 21 22 29 31 44 45 46 
36af6d40b7a9cc74 4 5 13 19 24 26 28 29 31 38 41 42 44 45 50 
e07be259ed988c21 1 9 11 12 19 23 24 28 29 30 34 39 45 47 50 
21aeeee8a6bbd47f 1 2 5 6 9 15 17 18 22 23 26 34 39 43 47 
12a3ba6494cff903 2 5 6 11 18 23 25 28 33 35 39 40 45 47 50 
5eaecacd0dbd3255 1 2 3 5 12 18 21 27 29 30 31 36 41 46 47 
3ecfee93967ebb21 1 4 6 8 14 19 20 24 30 31 34 41 47 48 49 
a53ea3e66ea0b4dc 1 4 9 12 13 15 22 25 26 27 30 32 34 37 47 
0c523b1d7a268108 4 8 9 10 12 14 18 24 25 26 30 34 40 44 47 
bad2f9fec8161df9 1 2 7 9 14 16 18 19 25 29 30 31 32 38 42 
a07f95c4b34f1dc9 2 7 8 10 13 14 23 24 26 28 35 36 41 42 47 
db518fa87fa1fddd 5 6 10 13 24 27 29 30 32 33 35 37 41 42 43 
8a31dba8354bbbc6 5 14 17 19 20 23 26 35 38 39 42 45 46 47 48 
20b58aa19eab05ce 5 6 9 12 18 19 24 25 26 28 32 35 38 46 47 
00c993de60096185 5 11 14 15 20 21 23 24 26 38 39 40 43 44 50 
feda6cfaf6f1cd03 1 8 12 15 26 27 30 32 35 37 44 45 47 49 50 
84e11dd1b7c3f70e 6 9 10 13 16 22 23 25 28 31 34 37 38 41 47 
559aac2c2fe8077e 4 6 9 12 16 18 25 26 28 33 38 39 43 44 46 
637f0c013ced5cef 1 3 4 12 13 19 21 23 24 26 29 36 40 41 45 
4907ef19e06a59d3 3 4 10 16 17 18 23 25 28 30 36 37 41 44 45 
a29dc28a9e8d95fb 3 5 6 9 11 13 19 26 27 28 32 35 42 44 47 
0a693e2c302598de 4 5 6 7 8 13 25 26 27 28 35 36 38 40 47 
fcf2fa0b1eea930e 2 4 9 10 12 14 20 22 23 25 32 33 36 40 42 
6e99dc1cb0dfe37c 3 9 14 16 20 22 27 30 33 37 43 47 48 49 50 
a2602c4c5bb3b4e7 3 12 15 19 20 22 28 30 32 37 39 40 45 47 49 
947dbfcf07828e8e 2 3 7 9 11 13 14 18 23 28 29 41 43 46 50 
01e2aef75ddb5da6 6 7 9 11 14 25 26 28 34 36 40 41 48 49 50 
b10d3fb1cb7c53c3 6 7 8 13 16 20 24 26 27 29 31 36 37 43 49 
af2bd0a234b9bc41 1 12 14 19 24 25 31 35 37 38 45 46 47 49 50 
bc766fba311aebc7 1 2 4 5 6 10 19 20 25 26 31 34 38 46 50 
ea3ba8d5c5764cb8 5 6 7 8 10 13 14 17 24 29 31 42 43 44 45 
a5fde5db9fc4dbe3 5 7 9 15 19 21 23 24 27 31 35 40 41 43 48 
cdab9810ff9fefbd 6 7 16 17 22 25 28 31 34 37 39 40 47 49 50 
e7010a1581ca6bbb 4 8 9 12 14 16 18 21 22 30 33 36 37 39 46 
f545ba9c3c8feedb 6 8 14 17 18 19 21 24 26 30 31 35 36 39 40 
1e4a16a6828badee 2 3 4 8 10 15 26 27 31 38 41 42 48 49 50 
25723cc6b882ba5c 3 5 6 9 10 12 14 19 20 25 29 30 38 45 49 
e25a2b463824ab9f 4 12 14 17 20 23 24 26 27 29 34 35 39 47 50 
69ccfbfbb193a005 1 4 7 15 20 22 23 27 33 35 42 43 46 47 49 
9b8c25cf3c11a1c5 5 7 10 11 17 18 25 26 27 31 35 36 44 45 49 
97fd45dee8de8fc3 1 5 6 7 9 11 14 17 19 25 26 29 35 47 50 
ba6eab3e5c276c39 4 6 16 17 20 24 25 27 30 34 35 36 39 43 46 
c1386faa01890dfa 2 6 8 9 10 24 28 30 31 33 35 36 42 43 44 
e4e48de55fdfce8f 1 4 7 10 15 16 17 19 33 39 40 42 44 46 50 
ccde4a7df00a978f 4 8 9 10 11 13 18 22 26 32 33 34 36 45 50 
11439c1cca89dc0c 4 6 8 9 14 16 22 23 25 28 38 40 41 42 48 
fdca6c6d04a3cba3 1 4 16 18 19 21 23 24 27 32 35 44 45 47 49 
a82c40ec867f4932 1 3 6 8 12 20 22 25 27 29 30 31 34 47 48 
8cf87e8a52b5f5c9 3 5 7 12 17 19 21 32 34 36 39 44 46 47 50 
6f2274afa9b7bfeb 1 5 6 7 8 15 23 33 35 37 38 45 47 48 49 
4ac4d2d11f72b67a 5 8 14 15 16 18 20 22 23 31 36 37 40 42 43 
5e4fc275774abd58 1 5 8 9 11 14 21 25 26 27 34 36 41 42 45 
751ad2d79d31caf2 3 4 5 13 18 21 32 34 37 38 41 44 48 49 50 
9f3e5ed894c3fa80 2 8 17 19 20 24 25 36 40 44 45 46 47 49 50 
2df2f1089be5aca7 9 13 14 16 17 23 28 30 32 33 43 44 47 49 50 
ddeae9d9a60a0df1 4 8 11 13 14 19 22 23 24 27 30 32 34 44 49 
fa7d32c89aed3848 1 2 8 9 10 13 24 25 31 35 39 42 43 44 50 
5b7ddf510676eee5 2 3 6 9 14 23 24 28 29 30 34 39 41 48 49 
de5aabc0ed2c2d08 5 9 10 11 15 18 20 28 29 30 31 32 38 40 41 
c10fb39f0fe5cccb 2 7 11 13 17 20 22 25 31 32 33 37 38 40 50 
0c983b24d5c8acde 1 6 11 20 22 24 26 29 30 37 38 39 41 45 47 
2a0300711379d1ff 5 6 7 13 15 16 18 20 22 24 32 40 42 46 50 
f9bb4b5beadf4ca2 6 12 13 16 17 22 26 27 28 34 35 43 44 46 50 
ed4ede9a7bfdccfb 4 9 10 12 21 24 26 28 31 38 40 42 43 46 49 
bf5d041eeaa4aad6 2 5 9 11 13 18 24 27 30 37 38 43 44 48 50 
3dbd46a71eeafbec 9 11 17 19 22 23 24 26 27 29 41 44 46 47 48 
5aa1de2306e5cf29 1 2 4 9 12 13 19 24 25 31 32 36 37 39 42 
bd0fd8b34bbf56c9 3 4 15 18 25 28 33 36 37 38 39 44 45 48 49 
7be6453c9692ab19 5 7 8 10 11 13 14 20 22 23 24 27 38 44 48 
abdc9aed9c9acefa 4 9 15 17 18 20 21 22 23 24 29 35 37 47 49 
a3d03dc8e89176da 1 3 4 19 20 21 22 30 32 33 37 38 41 46 49 
c7e6c25a6c08c1ef 1 11 14 19 20 21 26 28 29 36 37 38 40 44 46 
ceef67f08bedeeb4 5 8 9 11 15 18 20 25 27 33 39 40 43 44 50 
bf23d0c0f7b9f94b 2 4 6 13 16 17 18 19 21 26 29 38 42 45 46 
ee2b82e105393bfb 3 4 5 11 12 17 21 24 28 31 36 37 42 43 45 
be33de0d7d51a0b6 5 9 10 12 19 20 21 22 31 32 36 39 44 45 49 
846074141bf7662f 3 4 7 13 15 26 30 35 36 40 41 42 43 46 48 
a39166e75109affb 5 12 14 18 21 22 28 30 35 37 38 39 47 49 50 
ef6d7ceca419d010 2 4 8 12 17 18 19 23 30 35 40 42 43 49 50 
a45e295dc1fd2b36 10 12 14 20 27 28 30 32 36 40 41 43 44 46 49 
bb3cb8acee1cb47d 1 3 6 7 9 10 12 14 17 19 20 21 31 45 49 
e09bc86a1c11ffb6 4 12 15 19 22 23 24 26 27 28 29 30 31 37 49 
bc354aa17dc821b7 5 7 11 13 17 22 26 34 39 40 42 43 45 47 48 
d0fccfe03c36dba9 2 5 6 10 12 13 15 20 22 32 37 38 41 43 44 
3a4e8caaedb709f9 2 6 8 10 12 18 19 21 22 23 30 31 35 39 45 
31697ec13d3af7f0 1 2 4 6 13 14 15 28 35 39 40 43 44 46 49 
b1c99c0efe523f96 2 4 5 7 10 14 23 24 29 31 32 33 36 41 42 
bfbf0f5b65d1c04b 2 3 6 7 15 19 22 24 26 38 42 43 45 48 49 
314ec5d892e6078c 1 2 4 6 9 17 20 21 22 23 33 35 40 45 46 
175f774f3c68bdb7 3 10 11 15 16 17 26 28 34 38 40 41 43 45 47 
e7f99a6bc7ebe19e 2 5 7 14 15 16 19 21 25 32 34 35 45 46 47 
dbffc6308d28a70f 5 8 9 11 13 15 17 18 19 26 32 40 41 43 46 
51b0ade9f18a458e 4 5 7 13 18 27 31 32 36 40 41 42 43 46 49 
c6fe49c9663a8e35 2 5 10 12 13 21 24 25 29 32 33 34 39 43 45 
9b9c77faac3edac2 4 5 13 16 19 20 23 24 33 36 41 44 45 49 50 
9e0f26d72b3c6e71 2 5 6 9 12 17 21 24 26 27 34 37 42 44 46 
0ec6db883e29ef3c 3 4 6 11 14 15 16 22 23 24 34 36 38 42 48 
c694bff39ee7e3ed 2 5 8 15 16 18 24 29 30 33 34 38 39 46 50 
4ed80f013f59cde1 2 5 7 9 16 19 20 24 25 28 30 34 35 45 50 
5ceaccd94e61d3e4 3 4 6 9 12 15 23 24 25 26 29 30 35 40 47 
09ed88c0edd5f3f9 2 6 8 10 11 12 14 18 24 25 31 34 44 46 50 
e0f0127d3eed0d48 2 13 18 22 23 24 26 27 29 33 36 38 40 43 50 
00044d59b14de3e5 3 4 6 8 9 13 16 17 18 19 29 41 42 47 50 
c3096932df44dfda 2 4 5 6 10 14 15 18 27 29 35 39 42 43 46 
2ddabffd7ac75d2b 1 4 5 8 10 13 17 24 32 33 37 38 43 45 50 
09cacad028ec0ba5 1 2 9 11 16 19 21 26 28 33 39 40 41 43 49 
63a509f4cc377f21 1 5 7 8 9 10 15 21 22 23 26 31 42 43 47 
83faffab7bfc595a 1 3 8 10 11 12 19 20 24 26 29 38 40 44 50 
3dad22a387966fdf 1 3 5 6 8 25 26 31 32 33 36 45 46 48 50 
ad54522bc6afcbaf 3 4 11 12 13 18 20 21 25 30 31 34 37 42 44 
7a1e1ebaf426877c 1 2 5 8 9 14 17 26 27 31 42 43 44 45 49 
ab9ce279a48da96b 2 5 6 7 8 12 14 21 23 30 32 36 41 45 49 
6ce6dfd96f198042 1 4 15 16 20 21 24 25 31 35 38 40 41 47 49 
1a1eb67bdba3d34e 6 7 13 23 26 27 28 33 34 35 39 40 42 46 47 
cdaa2a8c7fe02cb7 2 12 17 20 21 23 25 29 30 34 36 40 41 46 47 
df1ec4cbd8543aba 8 9 14 15 16 18 20 21 24 25 31 35 38 47 49 
350e214f602df51e 2 3 4 9 12 14 17 36 39 42 43 46 47 48 50 
e118ffc0f1e661ea 5 8 11 12 14 17 18 20 21 26 27 31 42 45 46 
50ec367e3851f18c 6 8 9 10 14 15 18 22 27 29 30 33 37 40 48 
edecd811ce5a1ee2 5 17 18 25 26 29 30 33 40 41 43 45 46 47 49 
8e9fbabc2defff23 3 5 6 10 15 17 18 22 24 26 30 35 40 41 44 
2b058d4699b8effc 1 3 12 14 20 21 22 24 25 29 36 39 41 42 49 
1d2692bc3e230743 3 4 6 7 8 16 17 20 22 31 34 36 37 41 50 
cef84654e86b3fa8 7 8 13 15 16 22 23 27 28 30 32 34 39 40 46 
89dbddc62abfffc4 3 4 10 11 14 19 23 30 31 34 39 41 43 47 48 
bb7c9f9d5eadaeb4 2 6 9 11 18 21 23 35 36 41 42 43 47 48 49 
f0c0a3a7a13dfd3d 9 10 13 15 19 21 22 24 31 38 41 44 45 46 49 
dd9af94c96cedcb5 2 3 6 10 11 19 23 24 27 28 33 37 39 40 46 
36dded892c959d56 2 5 9 11 13 16 19 21 25 34 35 36 43 44 48 
8bb5b1eecb19185c 3 5 10 17 20 22 26 32 34 37 38 41 45 46 49 
c608d7be30dcc53c 1 2 4 10 15 16 17 26 27 28 35 39 43 47 48 
cf265be961060a7a 3 5 7 11 14 16 18 25 26 27 29 35 38 39 48 
bcec00cd7ef6161d 2 12 15 16 19 20 21 22 27 33 35 37 46 48 50 
316b0abd9ac0b916 3 5 9 10 14 17 20 24 28 31 33 36 41 45 48 
f87f311cea1000d2 6 7 9 10 12 20 25 26 33 34 36 38 40 42 44 
1f5abc67d15922fb 3 5 7 13 14 15 16 19 28 31 32 35 36 45 46 
8fa34bc370bdbd3e 4 6 7 9 12 14 15 16 20 24 27 28 44 46 49 
a0a2d18d5dcb3b35 1 8 10 15 18 20 21 25 27 28 29 30 36 45 47 
07ad6fba614ec1e9 7 10 11 12 14 19 20 32 35 37 38 40 42 46 49 
a97420fcbb7add62 8 9 17 18 19 20 26 28 31 34 35 36 38 41 48 
255af161bbd1ddca 6 9 10 19 20 21 26 27 28 33 39 40 42 47 50 
f6d346ddcc72e5e2 3 5 8 9 12 14 18 19 24 25 29 37 38 40 44 
d49ae2c3aeaf84c7 2 6 12 15 20 24 25 27 28 31 35 36 39 44 46 
a4c75f0b93fbdc67 1 3 4 6 8 16 20 25 30 31 32 35 40 43 49 
6d017ab24898e8fc 6 10 11 12 14 18 24 25 29 31 41 43 47 49 50 
f5d45fddd4ebbd9a 2 4 9 12 15 19 24 25 27 35 41 42 45 48 50 
1ebcfee63d1cea27 9 11 14 18 19 20 24 26 31 36 37 39 40 41 47 
28a7f57aba640d44 7 19 22 23 29 30 32 34 38 39 40 43 44 47 48 
83a3cbd0978bf9cb 2 3 11 15 17 20 21 27 33 36 38 39 40 45 47 
8c5feace3155897c 1 5 12 19 20 25 28 29 36 38 42 43 44 45 50 
647519a7c5a2aeeb 1 6 10 16 25 27 29 32 34 37 40 42 45 47 48 
c4d887957c7707bc 3 11 13 15 21 22 27 28 29 30 36 38 41 45 50 
ffefabe1a6ef753a 2 5 15 18 21 22 24 28 29 30 36 39 41 44 48 
fe3ae77de4bc53cf 3 6 16 17 20 24 26 28 32 33 38 39 41 45 50 
e91ea63fa955bd23 4 11 12 14 15 22 23 24 26 30 31 38 44 45 49 
9ef0903d13ed2fa4 4 7 9 15 17 22 27 31 37 39 40 44 46 47 48 
5b559ff10acbd75f 3 4 8 10 12 20 23 26 28 29 31 34 41 43 44 
37da80a66b43eac4 4 11 15 16 21 23 26 31 39 40 44 45 46 48 49 
bf9713d6fee7ba13 4 5 6 8 10 16 23 25 27 30 31 32 38 41 49 
aefe99cfd4d28bf1 5 6 8 9 10 18 19 23 24 30 34 35 43 45 50 
8fa17bd63d9ee402 1 2 3 9 12 15 19 24 26 28 29 36 37 46 49 
219aad7ddc6b5f2f 1 2 15 18 21 22 24 28 32 33 38 45 47 48 50 
e13c8d86f6faa1e1 1 2 10 17 19 20 25 29 35 41 44 45 48 49 50 
ceabafecbfb0ccab 1 10 11 15 20 27 28 31 38 39 41 42 43 46 48 
45c683e1a8e8c2c2 4 5 11 13 17 21 23 27 28 32 33 41 46 47 48 
4a87ff303b94dea3 2 6 7 12 13 15 22 23 25 36 41 44 45 47 50 
ceb72cdb744d9bd4 2 3 6 7 12 15 19 21 23 25 32 34 39 41 42 
3e3d7458f31d46dd 6 9 10 13 17 18 19 21 22 36 37 45 47 48 49 
39e84a277e5a6dbb 2 4 6 7 9 13 18 20 21 22 24 26 39 46 49 
f2342832ee45fcb3 5 8 11 15 16 19 28 29 30 32 34 40 47 48 50 
efe38ffee785dfa6 2 5 6 9 12 20 23 29 32 39 43 44 46 49 50 
95ed9ab5fe45a39d 6 7 9 19 20 24 28 29 31 37 38 44 46 47 49 
d03233b927d20deb 2 7 20 26 27 28 29 30 32 35 37 43 45 49 50 
d6a96265fafcc61b 2 3 5 8 9 15 20 23 27 28 32 33 39 49 50 
2bec3db707cc375d 5 8 9 13 14 20 28 29 33 38 39 40 42 47 50 
281155d3596a55aa 2 5 7 11 14 15 24 28 30 31 35 37 43 48 49 
1413ca4ebc0ec8e6 15 17 19 20 21 24 27 30 33 34 35 42 45 46 47 
eefa1f3c4dade73e 1 2 3 8 10 19 23 25 31 33 35 38 39 42 48 
fb1aee64ed9bfdbf 9 13 20 21 24 29 30 32 33 34 36 39 40 43 49 
af65fe876d250e2e 1 3 5 6 11 19 24 26 35 39 41 43 45 48 49 
db9bac167bde0c19 3 8 9 14 16 21 22 28 32 35 37 38 39 43 44 
8f39aa5473883ba3 4 5 11 18 20 21 27 28 29 30 34 43 44 47 49 
fe5fdcb19c7f1606 3 5 7 11 16 17 18 25 29 30 31 32 40 41 45 
9eaece4cf3bb7a4f 2 5 10 11 12 15 16 18 19 21 33 34 38 46 50 
ad6a7f1f56d1849a 1 4 7 10 11 19 23 31 34 35 39 41 44 45 48 
2704fffb8e581f1b 2 4 8 9 13 23 26 31 32 35 36 39 42 44 50 
0f32cd41f6cafc63 3 7 8 16 17 23 24 25 27 28 36 38 42 48 49 
17fade323aecc61e 1 3 16 19 20 23 24 25 31 35 36 40 41 42 43 
33611bc49515bdcf 1 2 6 9 10 16 17 23 27 28 30 34 37 40 44 
c68ac01133b8c715 3 4 10 11 16 17 21 23 29 31 36 37 39 47 49 
2eeac5da10bee2a2 8 10 16 30 31 33 34 35 37 40 41 43 45 47 49 
5b6bccad8ba0f559 2 4 7 10 11 19 21 22 24 26 34 35 42 45 46 
91dfe8fc6b2a2d7f 1 4 8 9 12 13 15 20 22 23 34 41 45 48 50