2 10 11 15 16 24 37 46 49 50
16
089804cc9564b83f 2 9 10 13 23 24 25 28 30 31 36 40 43 47 48
4abfca97f1123de2 1 2 5 16 17 21 28 31 32 35 36 37 44 45 49
0f9e35fdbdeb2838 8 9 14 17 28 30 31 33 36 40 41 42 45 48 49
6baf4ecdac91d04a 7 8 9 16 23 31 34 35 38 39 42 44 45 46 48
73ccefaedb5d9c7b 2 3 9 11 13 23 25 27 28 31 34 35 39 45 48
869e70bdfb8f4a6e 3 4 7 8 17 20 22 34 35 36 37 40 42 43 50
ae0fe2eddd45cfb9 2 5 6 8 12 15 16 18 27 28 41 42 43 44 48
1bcbcaa75ec09d34 1 3 9 10 11 15 18 29 30 35 39 45 46 47 48
d92bc0e95e676ebd 3 9 10 14 16 19 20 21 22 33 39 41 42 49 50
dbe620a6f6c1e2bc 1 6 7 11 16 19 21 22 25 31 33 36 43 46 47
c2faabafcb8ce5df 2 7 8 15 19 20 26 27 31 33 40 41 43 46 50
2687b5e561dcb4df 3 9 15 17 19 20 26 27 30 34 36 38 41 48 50
0d9b5a5dbaabda14 6 7 9 13 16 17 20 21 34 36 40 41 42 43 47
b9c5f4f77ac2bae1 3 11 14 15 17 18 23 27 29 31 34 37 40 47 50
bb49b7ee00a9b1a2 3 5 11 13 15 17 19 27 28 31 35 39 40 44 47
eaf7ab08a11a0320 6 7 10 14 15 18 19 21 22 24 25 36 38 40 42