2 10 11 15 16 24 37 46 49 50
50 
089804cc9564b83f 2 9 10 13 23 24 25 28 30 31 36 40 43 47 48
4abfca97f1123de2 1 2 5 16 17 21 28 31 32 35 36 37 44 45 49
0f9e35fdbdeb2838 8 9 14 17 28 30 31 33 36 40 41 42 45 48 49
6baf4ecdac91d04a 7 8 9 16 23 31 34 35 38 39 42 44 45 46 48
73ccefaedb5d9c7b 2 3 9 11 13 23 25 27 28 31 34 35 39 45 48
869e70bdfb8f4a6e 3 4 7 8 17 20 22 34 35 36 37 40 42 43 50
ae0fe2eddd45cfb9 2 5 6 8 12 15 16 18 27 28 41 42 43 44 48
1bcbcaa75ec09d34 1 3 9 10 11 15 18 29 30 35 39 45 46 47 48
d92bc0e95e676ebd 3 9 10 14 16 19 20 21 22 33 39 41 42 49 50
dbe620a6f6c1e2bc 1 6 7 11 16 19 21 22 25 31 33 36 43 46 47
c2faabafcb8ce5df 2 7 8 15 19 20 26 27 31 33 40 41 43 46 50
2687b5e561dcb4df 3 9 15 17 19 20 26 27 30 34 36 38 41 48 50
0d9b5a5dbaabda14 6 7 9 13 16 17 20 21 34 36 40 41 42 43 47
b9c5f4f77ac2bae1 3 11 14 15 17 18 23 27 29 31 34 37 40 47 50
bb49b7ee00a9b1a2 3 5 11 13 15 17 19 27 28 31 35 39 40 44 47
eaf7ab08a11a0320 6 7 10 14 15 18 19 21 22 24 25 36 38 40 42
bd94f00c5da8eafe 4 7 14 19 20 28 35 36 39 40 41 42 44 47 50
5970ff5cd5d9a5dc 1 2 14 15 17 18 19 24 31 41 42 45 48 49 50
2786a747652a3c6b 4 6 8 11 14 15 16 17 19 25 27 36 38 39 48
edfeeef2dc8aa97d 3 12 16 19 20 27 30 31 32 37 39 44 46 48 49
5fade4c029362a5b 3 4 6 13 14 15 19 30 35 36 38 46 48 49 50
18257adefcae4bea 6 7 12 14 21 24 25 26 28 29 31 32 33 38 42
4cb1eeff607e7ffc 1 4 11 12 14 19 23 25 26 27 37 43 45 47 50
cdf28dffeceabce2 2 3 7 10 18 21 22 23 24 28 32 34 44 47 50
d7410199b907c585 1 2 6 13 14 15 20 21 23 27 30 31 38 39 48
5273da488a4b8713 1 4 8 9 12 13 16 19 24 27 37 41 43 46 47
25ec0fead1c88d45 2 6 8 11 16 19 20 25 26 27 29 31 46 48 50
3c69feebf3c2bfdd 1 3 8 9 10 20 24 25 28 31 32 33 35 41 48
8f792f1aebd892f5 9 12 13 19 20 22 26 27 28 30 32 35 38 42 45
cfe4fcb188a4f689 1 5 6 9 11 13 15 26 27 33 34 38 40 42 46
a1bd66cf2443dbd3 3 4 7 10 15 20 21 27 32 35 40 45 47 49 50
80a5e3e91d15409d 1 3 6 8 11 15 20 21 24 28 31 33 37 47 50
460d3665cd4a2d3f 3 10 12 17 18 23 27 30 31 32 38 39 40 42 48
bc01bd722bcacb82 5 7 11 14 16 22 23 25 31 33 36 41 44 45 47
d89722cfffcefed5 3 4 6 10 13 14 17 20 21 28 32 36 41 44 49
ca189ce9fda8a6ee 1 11 15 16 24 27 30 32 34 35 36 40 41 44 49
eef09eecb155d314 9 13 14 15 20 22 23 24 27 31 32 36 38 44 46
ead3e2d26f374e8c 1 3 4 5 7 8 9 10 16 18 23 25 30 35 38
e7cdd6475344ae3c 4 8 18 19 22 26 28 29 30 32 35 39 41 48 50
f6a718c4bf24beed 5 8 14 17 23 24 25 28 30 32 37 38 39 42 48
7ca0d03f700eb2e8 3 5 11 13 14 22 28 29 32 35 40 41 46 49 50
18a9b69ca7c8fcc1 9 15 16 17 19 20 22 24 26 27 32 35 38 40 42
4d17fdb808d67ac9 3 4 8 15 16 17 20 21 32 33 35 37 41 45 50
af2da3f81f2e9831 2 6 9 11 12 21 22 26 31 33 35 44 45 46 48
dd63e16ddc09acc8 11 12 14 19 21 22 25 30 34 35 37 38 39 41 47
1eafbacc3c5fde3f 6 7 10 16 17 18 20 21 24 25 29 33 39 40 50
b045a6a948fde9db 5 9 11 13 15 23 24 32 35 37 38 39 41 48 49
9d92eac7ddd6ef4c 2 4 14 18 24 26 29 31 32 34 37 41 42 43 49
7d3f44a92eacb8cf 2 8 13 15 17 21 26 28 29 35 37 38 42 45 46
3cfaed1c41d52f9c 2 4 9 14 15 18 20 21 28 32 33 34 40 45 50