2 10 11 15 16 24 37 46 49 50
351
d6b6ac58f41cfc57 4 5 9 15 19 23 27 28 35 38 42 44 45 48 50 
378ecff0ac54ca3d 5 8 9 11 14 15 17 21 22 28 30 34 38 39 46 
c9a8bda835eb0c32 4 8 9 10 11 21 27 29 33 35 38 42 44 46 48 
e37fc5ca580ffbaa 10 11 12 13 15 24 28 32 33 34 36 39 44 45 46 
cc3bb16bbcf5ccc6 1 6 11 17 23 25 26 27 33 36 37 39 42 43 46 
434c93ae9cdfbbb4 10 11 14 16 20 22 23 24 27 29 30 37 45 47 49 
723071cead9b788e 6 9 15 18 19 20 26 30 34 38 39 42 45 48 49 
d575043f6d37cd5f 5 6 7 8 12 16 17 20 35 36 38 40 41 47 49 
ce5be1c6ccf4d6df 3 4 5 7 9 10 12 13 14 20 24 27 35 38 43 
c6ebce948f9c52ba 2 3 5 14 15 17 18 19 22 23 26 36 43 46 50 
8ec089e89142c929 5 9 13 17 19 20 23 32 33 34 38 43 44 49 50 
b058ddaa5de608ec 4 5 6 9 13 14 17 22 24 28 31 34 37 42 50 
7fe97cbc28af8b93 1 2 3 5 14 16 18 22 25 29 31 32 41 46 50 
633c00ba8720f28d 3 5 6 14 23 24 25 26 30 32 40 42 43 46 48 
80acf8cc488d83f3 1 3 5 12 13 16 17 19 21 32 36 37 40 44 48 
f48b6a9bfdfe7b08 1 5 8 9 13 16 27 28 31 34 35 40 41 43 47 
12a474b3de74df1c 4 6 7 17 20 24 25 28 29 32 33 42 44 49 50 
9dfbdcf0479dbb78 1 3 4 9 10 15 20 28 29 33 35 37 44 49 50 
e6b9fcf5c3b404bb 2 5 10 12 15 17 20 21 23 24 28 34 36 39 46 
fcfd4e3f86e6a93e 2 6 11 14 16 19 20 21 24 30 33 34 36 47 48 
e15244943cec2bea 4 6 7 9 12 13 14 19 23 25 34 35 39 40 48 
29287eb6cb1e7dbe 8 9 10 14 15 23 26 27 28 32 33 37 41 45 49 
ae09415004c5c11b 1 2 12 15 16 20 21 23 24 30 32 37 43 44 49 
8a52d23fd928acd8 2 10 11 16 17 19 21 25 27 33 37 39 41 42 50 
a4c23283dab563c3 2 8 9 10 11 12 16 23 27 29 31 33 38 42 46 
2a9cd67a784497d2 4 7 10 13 16 21 25 29 30 33 34 38 42 43 46 
267ca001c88409c9 1 4 5 6 9 13 21 25 28 38 42 44 46 48 49 
2bf6072aab855e86 1 6 7 11 15 20 21 23 24 27 29 34 37 39 44 
8dfc2d2ced5da50a 1 2 3 6 17 20 21 23 24 32 34 38 39 40 49 
b95a0dd9e146bc75 2 4 8 9 13 14 16 20 22 26 32 38 39 46 47 
ecf2d1cbc1b4fddf 1 3 5 6 8 10 18 22 25 29 33 34 38 44 48 
cec783b28b5c0734 1 3 4 12 15 16 18 26 29 31 32 34 35 41 42 
7e7fe4dbad9294fc 1 2 5 8 11 21 24 32 35 36 39 41 47 48 49 
cfd959db25a7fed7 4 7 10 15 17 18 19 23 26 30 31 33 34 35 47 
ec16a3ca08f2a056 5 8 10 14 16 22 28 29 30 31 37 40 41 42 49
23fb7034fe2c3f45 1 3 5 8 11 13 14 15 31 34 36 41 44 48 49 
c5ac8d3dac6baead 4 8 10 13 15 16 18 28 30 31 35 43 47 48 49 
afceaedbfae1f9aa 2 5 6 11 17 22 24 25 29 37 38 40 41 46 47 
c0e8574ff675cff1 3 4 6 7 9 11 13 14 24 28 38 39 43 46 47 
915ba9304e8a95d7 11 12 15 19 22 23 24 26 31 33 41 44 45 46 48 
00aceacaaf6ab9bc 2 3 8 9 14 15 20 27 31 32 37 42 44 46 48 
6b06f4b45b858b8c 5 10 11 14 15 16 21 23 31 33 34 40 48 49 50 
d22d4a404d4e0eeb 2 3 15 18 19 23 28 29 30 37 40 41 46 48 50 
ec6dbefa967dbd95 2 8 12 14 15 19 23 24 26 28 29 34 37 46 50 
f81ad2847e0e00f8 2 4 11 18 19 24 26 27 31 32 34 36 37 44 45 
50c615b5a6e3cd0b 4 7 10 12 13 16 18 21 22 23 26 41 46 47 50 
b58d263cea2dbc0e 8 10 13 19 20 22 26 29 31 32 43 45 47 49 50 
76d9a0e80cd4dd2d 1 7 10 12 13 15 17 18 27 29 32 35 39 44 45 
a8d1cd21dcfece04 1 5 8 13 16 17 20 33 36 38 41 42 44 47 48 
6c3aba7c07f8b2e3 2 3 4 5 12 15 16 19 20 30 32 38 40 44 47 
402ba4ab003fccc9 3 4 5 7 9 12 23 24 26 27 31 32 46 49 50 
859715d8ddbd7d41 5 10 16 18 22 23 25 26 28 30 33 38 45 46 50 
d7cd2b3fd0c585e3 5 10 15 18 24 25 28 31 32 33 35 36 39 43 48 
7005addabf482c93 8 10 11 13 15 22 23 26 28 33 36 38 42 43 47 
a31c111ee534dc3a 2 3 7 10 11 12 16 19 22 31 34 36 40 43 45 
2aacf1ba241edb95 1 5 6 8 10 13 17 21 26 28 37 38 40 44 46 
b4060ced975f5aaa 6 12 13 21 27 28 29 32 35 39 41 43 44 45 46 
2a060a711e03baef 1 14 18 20 21 23 25 26 28 30 31 36 41 43 48 
3bf0377fd8cef53c 3 6 7 11 15 23 24 31 35 40 41 42 44 47 49 
e1966997293c6061 2 6 7 8 14 15 24 26 31 33 37 40 41 46 47 
3b49fd2fb999142e 1 5 6 11 12 15 17 18 21 27 37 38 40 45 46 
000c36b0ab2dbbe8 2 6 8 14 18 23 24 26 30 33 37 41 43 47 50 
1fd6cafcf83fb5bd 1 3 4 7 10 16 22 30 31 36 38 44 47 48 49 
4a56c372321b3645 2 4 7 11 15 16 23 24 25 29 41 42 43 44 47 
c3739eb88efe0984 3 4 6 7 10 29 30 32 34 35 39 40 42 43 45 
b4a4ed9ded58cd3f 1 4 17 18 20 22 26 27 33 35 36 38 42 48 50 
bb65805a86bba9ff 1 2 3 5 10 11 30 34 38 40 43 44 45 47 49 
4bbd70ff0d426560 1 7 11 14 15 17 18 27 30 31 34 36 38 40 44 
7cae20d8e8e0b004 4 6 17 22 24 28 30 32 33 35 41 42 45 47 50 
ba141c7c7fcfcefa 7 10 12 13 14 15 16 18 20 22 28 35 38 42 44 
46ebfe5f8043fbe1 3 4 9 12 13 22 23 27 32 33 36 46 47 48 49 
e59870317fa68b04 1 3 4 7 15 16 18 27 28 32 33 36 40 41 45 
6a7edf34fb4c7d1e 2 6 10 13 18 24 28 31 32 35 39 44 47 49 50 
efcd6cc6cfec56aa 5 7 9 10 12 15 18 24 27 30 33 37 41 43 47 
b802820725d2caa7 6 10 11 13 14 15 17 26 29 36 38 41 45 47 50 
da072f889adc0a15 2 5 7 8 16 17 22 24 25 40 41 43 44 45 49 
e8cece5c283ad2a4 5 12 15 16 18 19 22 24 28 29 31 40 42 44 48 
78cbb8cfdfbe6c8a 3 8 11 12 15 19 21 24 28 29 34 38 41 44 46 
0cf0cad08cd10f2c 1 2 7 14 16 19 22 25 32 40 43 45 46 47 50 
6962fc469cb2cec0 7 10 16 19 24 26 28 30 31 37 42 45 46 47 49 
abbfaf16d26622bb 2 8 11 14 20 23 27 29 31 32 37 41 45 46 49 
53e9853c490224fd 3 7 8 10 11 14 16 17 27 28 30 34 38 48 50 
106c3dff973c9eff 6 13 18 20 22 23 25 28 32 33 38 40 41 43 47 
c9f5c1bd2a78fe3d 3 8 10 12 15 17 20 25 26 27 34 39 43 44 47 
c3a51a28e0d6dffe 1 6 8 10 11 19 21 28 33 34 38 39 42 47 50 
3f7cbf5be39ee600 1 2 3 13 15 17 29 30 32 34 36 38 40 43 47 
5c9c3df1ed2cf4db 3 10 11 12 16 21 25 26 31 32 33 37 42 43 48 
4ffa4ab7fa4d6537 1 3 5 15 18 19 24 25 28 29 35 40 41 43 47 
1ba8331bcf2e2beb 1 2 10 11 15 16 17 20 29 32 34 37 44 46 47 
23fbf3cdedbcbcf4 1 4 7 9 14 20 23 29 30 40 41 42 43 44 46 
dfc8f1de2b8d3fe3 2 7 10 13 14 15 17 22 28 33 37 38 43 44 47 
21cddad86b0bfb45 6 7 11 14 18 21 23 27 33 36 40 41 46 48 50 
f9e4186feffa7af1 3 4 8 11 15 16 17 19 20 22 23 25 33 45 47 
7c291976e8aab839 3 5 9 12 13 14 15 17 19 23 24 29 32 42 48 
dbcf6dfd3ad7eb3d 4 6 9 11 12 13 14 17 21 24 27 31 38 39 46 
96636afac61e256b 5 7 8 9 10 11 15 27 28 32 34 39 41 45 46 
ed97c90cd46f8fac 2 3 7 10 22 24 27 30 31 33 40 41 47 49 50 
f1f49ce02f1ec39f 2 3 16 18 22 23 30 32 34 35 36 37 39 44 47 
003fe50c1fcf3533 10 16 20 22 24 25 26 28 31 35 44 45 48 49 50 
fd8ed7c1fdada4fb 4 5 7 11 12 13 18 19 21 24 26 32 33 41 43 
cfeb3cbca3fa1f83 1 5 7 9 10 12 16 19 20 21 27 40 41 44 50 
c7da4a8f03dcd1a6 4 5 13 14 17 18 26 27 31 33 34 36 38 40 48 
62d23d6a73d2db90 4 8 10 14 16 17 20 29 30 31 39 40 44 46 48 
aacabacee84e1aaa 1 7 13 20 23 24 29 33 37 42 43 46 47 48 50 
cbb159e627bbd0f2 7 11 12 13 18 26 30 33 34 35 38 39 40 45 46 
232965ac3a15fcc3 1 5 8 9 13 18 19 21 23 26 29 30 39 43 49 
aa2ccc955a04768b 2 4 5 10 11 16 18 31 34 38 40 41 42 47 50 
6a3c4dce0ec7498d 2 6 10 21 24 26 34 37 38 39 43 45 48 49 50 
8bd165aedf1c4d87 3 7 12 16 20 21 22 23 28 31 32 33 38 40 46 
81c9e251fca95eae 4 5 6 7 13 32 33 35 40 41 43 45 46 47 48 
e3d2deed75937a0c 3 6 13 18 22 25 26 27 28 30 32 38 42 44 48 
3d3749bfaa3aff5e 2 7 11 15 19 20 22 26 30 33 35 43 45 48 50 
9c9831d8559af8ee 1 5 7 9 13 19 20 21 24 25 27 36 44 45 50 
3210908734952ecc 3 4 7 8 11 16 17 23 27 29 30 33 37 44 47 
0520bfab9aaa7d85 3 8 15 17 26 28 29 32 34 38 39 41 45 48 49 
d49ff0fad05b7c58 7 8 9 10 12 14 16 19 28 29 30 33 37 40 41 
c5718532ec3ebff9 2 4 7 11 12 15 16 19 28 33 39 40 45 47 49 
3fbddca785e4fa1b 6 10 12 26 27 30 32 34 35 39 43 45 46 48 50 
6dcfd8bd8fe07acb 2 6 8 11 15 16 17 24 25 33 34 35 43 45 49 
2e1ae95addb9dc7b 1 4 6 7 10 11 14 19 25 28 29 35 40 45 49 
8f1b7da3a7200211 2 9 13 14 21 26 30 35 39 40 42 43 45 46 50 
ae2dbd9c1b7c6eb5 1 2 7 11 16 26 29 31 32 36 39 40 44 49 50 
00a1297f5c65e410 1 3 4 7 11 12 14 18 31 32 35 36 37 38 41 
cdf07fb233ba042f 3 7 15 25 27 31 33 35 38 39 40 41 46 47 48 
ec25fd4e32d2644a 1 3 4 5 7 13 22 25 26 27 28 29 30 40 41 
abff3bb7acfe49e9 1 2 10 15 24 28 29 34 37 41 42 43 44 46 47 
d79057dc0cc4d9f1 5 6 7 12 14 16 17 19 22 23 26 36 37 38 46 
1775ddc23004cfa6 1 5 9 13 15 16 23 25 26 34 38 39 42 44 45 
b5cabbcef5a2e118 1 5 6 7 8 13 17 28 31 34 38 41 42 44 45 
3d187b4bb4be4273 6 7 8 9 10 11 15 20 26 29 32 37 41 47 49 
4f58a3bde7c40e27 2 5 7 9 16 17 18 20 22 23 27 28 30 34 36 
71ed9eb58af08c7d 2 7 8 12 14 19 20 24 29 30 36 37 41 47 48 
cc989afbde23ddaa 1 4 7 8 9 17 21 27 28 30 39 45 46 49 50 
fc1d0fdaf3b67ca4 3 5 7 8 13 19 26 28 29 30 33 34 41 48 50 
cad15e2e79c2adac 2 4 7 11 12 16 17 18 21 22 34 35 37 38 42 
bcde010e0cee5827 8 9 12 16 20 24 33 34 36 37 41 42 44 45 46 
ade3aa497fe50d4c 2 3 5 6 10 12 14 18 22 26 28 35 40 43 44 
3ea9021fce1d2ad9 3 4 6 14 17 18 19 20 22 26 28 30 34 39 40 
affeacbdfe1d35d4 4 11 19 21 23 24 27 30 35 37 40 42 45 46 50 
dc319f7d1274402d 1 3 5 10 17 21 22 29 30 31 33 36 40 45 50 
d912d2cb7d7143e6 1 9 13 23 24 29 30 32 33 34 36 37 47 49 50 
c9eca313cffced1b 8 10 11 12 13 14 15 18 19 22 24 30 40 45 50 
1f1bbd16c68cb22e 2 4 9 16 18 23 26 27 28 30 34 35 40 48 49 
fb02654bdae1f3cc 6 12 13 15 16 19 24 25 26 33 38 39 40 44 47 
ae1fef9bfb3aaabe 1 9 15 16 20 21 26 31 32 34 37 40 45 47 49 
bbda19bea28bda0c 8 9 12 15 16 25 26 32 34 38 40 43 44 45 49 
dac73c9bb355d3d0 3 11 13 14 23 25 27 28 29 30 32 38 42 44 46 
aa4e5ee8d6698be8 2 7 13 14 16 17 19 21 28 31 34 35 37 39 45 
f76b695a4aebccf5 6 7 8 9 12 21 22 23 24 27 30 33 36 49 50 
be4a6d2bb6466bee 1 2 9 10 11 17 18 23 29 32 33 39 48 49 50 
05af0acc0af6c466 1 5 7 11 20 22 28 29 31 32 34 37 42 43 45 
6cb36c990e9fc4a2 3 5 10 16 18 19 20 30 37 40 42 44 45 49 50 
6f779a13cc3c05bb 2 3 9 12 13 26 31 34 37 39 41 42 43 48 50 
d8f88f8a7dcc9e9b 2 4 7 15 16 18 19 23 24 28 38 42 43 45 47 
0eebbfb65fe455bc 2 6 10 13 14 18 19 20 23 26 30 31 33 42 47 
223aab4bc49bb698 2 8 9 10 12 13 26 30 31 32 38 40 44 46 49 
6f2be423fab74542 4 7 8 9 12 13 18 19 20 21 22 28 36 39 47 
4e95be7a3f5b19ea 5 7 15 16 21 22 23 24 36 37 40 42 43 47 48 
11da73a5ea37bd1e 1 5 17 18 19 24 30 34 35 38 41 42 46 49 50 
5bf1905f8d8c9457 4 6 8 9 11 12 13 17 19 20 36 39 42 43 47 
a022151dc6a5ffff 7 8 14 17 18 19 21 22 25 26 27 28 32 42 44 
9b1f6bb3ec703876 10 11 13 18 21 23 25 29 30 33 34 37 42 43 48 
e3e9c81bef003453 3 4 6 13 15 21 25 28 31 33 36 41 43 48 49 
5ffac58b4a7ceefb 3 5 8 9 10 13 17 18 26 29 33 41 43 44 45 
636ea4c7bda59aa3 1 2 5 7 11 21 22 23 25 27 35 40 41 42 49 
f88321a1fc5aafb9 1 7 11 12 13 18 19 20 27 28 29 30 41 44 45 
e1ab0bb3ad5ea7b7 3 5 13 14 17 20 24 25 27 30 32 34 37 43 47 
0ae27ea96ffa9872 2 3 4 6 8 10 15 16 25 26 27 30 46 48 50 
03ac1fa893d498e4 1 2 6 7 10 12 14 16 18 20 31 32 38 39 46 
cf689f0e54a961f8 3 10 11 18 19 21 23 27 30 36 40 41 45 46 47 
026f29d6ad092fec 3 13 14 15 17 19 26 29 31 35 37 41 42 43 48 
7f2fec09c7c4cac2 2 4 6 7 8 10 11 14 17 21 24 25 27 37 41 
cfa8a01e0a33bc54 1 4 17 22 23 24 25 27 29 30 32 33 34 48 50 
44e4ec9d6d94106b 2 3 7 8 10 11 12 19 23 26 28 29 32 43 45 
45664f0b7c0dd63f 1 3 6 7 10 11 14 19 21 39 40 41 42 46 47 
a7dac359ca1957bf 4 7 10 11 14 19 21 31 32 33 34 36 43 44 47 
1ae93dd8e872a191 5 6 9 12 23 24 25 30 33 37 40 41 43 44 46 
df4f1c4ba6a7f86a 7 9 11 12 16 17 19 20 22 25 42 44 47 48 49 
3b46adb653dadfff 6 7 8 9 10 13 32 33 34 37 41 43 46 47 49 
1ef29f2661ab9c87 12 13 16 17 18 19 21 28 30 37 38 40 41 46 49 
218412f8a6c06fb4 1 5 8 12 14 18 23 25 29 32 36 41 43 45 48 
b35595fee01ffb28 7 13 14 18 27 28 30 31 32 37 41 42 44 46 47 
bbd4a3cbcd8b4ea2 5 6 16 18 21 24 25 33 34 36 40 44 46 47 48 
79800c0a79a2a3c1 4 6 8 11 15 17 22 23 25 27 28 31 32 44 46 
0cfbabf34ebe1cbf 1 3 4 7 10 12 19 21 22 28 29 31 32 42 45 
cd49dc5cef162cb5 2 7 13 14 16 21 23 25 26 36 37 40 43 47 49 
00a4ac85f5d73ec0 2 5 6 10 15 17 18 31 32 35 36 40 43 45 49 
aa8e1ef0bd33e79f 9 11 15 16 18 20 21 27 29 36 39 43 45 48 50 
08cb45e3b4e10ca1 1 6 11 16 21 24 26 29 34 37 38 40 42 44 50 
9a90e17bbbcce2a9 3 6 11 18 21 28 30 31 34 37 40 45 46 49 50 
2c08a7d1d2cbe4ac 3 8 10 13 14 15 16 19 23 24 30 34 39 40 43 
ec8f0bb3db1abcbb 1 7 10 12 15 20 23 29 31 33 34 35 44 48 50 
6bbee129c9fabba2 4 7 8 9 11 12 13 15 20 28 35 37 45 49 50 
ee133f48ecdfadbe 3 5 10 17 22 23 25 26 27 28 35 38 40 44 48 
8a96bed1fc196f36 1 2 3 6 8 13 15 16 19 20 32 34 41 48 50 
50f072265eaecdd2 4 5 6 7 11 18 19 22 23 29 32 39 40 44 48 
4addf06e420c72dc 8 11 13 14 15 18 21 27 32 34 35 39 40 43 44 
ebdcba427b2ce5c9 7 12 13 16 17 19 24 26 27 37 43 44 45 47 49 
fdefdc25af2cffc3 3 5 6 9 10 14 19 27 34 35 37 38 46 48 49 
1f00da442d8bce1a 2 5 20 22 23 25 26 27 29 31 32 42 46 47 48 
ad108a2d748e51fc 2 3 4 8 18 22 24 25 26 32 38 39 40 43 45 
edd14a2a37addc34 1 5 6 20 22 25 33 35 36 39 42 44 45 46 50 
3aa73fbc95b6f9f0 1 2 9 15 16 22 28 29 30 35 37 40 43 44 48 
ea0a260d074272b4 2 9 10 11 16 24 26 28 30 31 34 36 40 41 42 
03062cef145d5284 9 13 17 18 20 23 25 26 31 34 35 38 42 44 45 
5432e3bec31cad93 1 7 10 13 15 16 17 20 29 33 34 36 37 44 46 
e9d1aa2accd0b24e 5 6 10 15 16 19 23 26 28 31 34 38 41 47 49 
2cb442b7f3bcf2ee 5 6 7 13 14 16 18 22 25 27 33 38 39 43 50 
ce9a8af8a6baec3c 6 10 12 13 18 19 29 32 33 34 43 44 45 48 49 
be986b0af15d203d 2 3 14 18 21 23 24 25 26 28 29 32 36 46 47 
1a9caac2fdb6d62b 3 7 9 19 29 31 32 33 34 35 37 40 41 46 50 
e124cec6bea8eba8 1 8 15 21 22 27 28 29 37 40 43 44 46 47 49 
daba69782676fdd0 2 4 6 7 12 13 20 24 27 30 34 38 39 42 50 
a36dcf70f0498f0d 8 9 11 13 18 26 30 31 33 35 38 39 44 46 50 
bcc9c351d8fda2be 4 7 20 22 23 24 28 29 30 33 34 40 42 46 47 
0922d1ffbdb40c4b 3 4 11 12 15 17 19 24 25 27 36 41 42 46 47 
485ec2cc0757588b 4 15 16 19 24 28 30 31 33 39 45 46 47 48 50 
7b890aaf6dae532d 1 3 4 5 8 10 18 22 24 25 27 31 38 45 47 
cb25374db3f9f09e 1 2 4 5 10 12 15 18 19 24 25 29 34 40 46 
58c1f665ad916b95 5 8 9 10 11 13 14 17 18 26 27 39 45 48 50 
6bba05adf5fddea8 2 3 8 9 19 21 27 30 35 38 42 43 46 47 48 
3d812953f97a85bf 6 7 8 9 10 13 17 20 21 25 29 33 34 36 46 
ec434bafa85af66e 2 3 10 12 13 16 22 23 24 29 30 33 35 41 45 
b68aa866d4abab90 4 5 7 8 10 16 17 26 28 33 34 35 43 45 48 
fb85d4ab76ae8a9e 1 4 8 13 14 20 23 27 28 33 35 39 42 43 44 
f86cb83e38cbfaaa 1 7 9 10 14 15 18 23 24 25 35 41 42 43 48 
50ed6141fba77848 4 5 10 13 14 15 16 20 22 26 29 35 43 48 50 
50c8369754484dbb 7 8 10 12 13 16 19 24 29 31 37 39 43 44 50 
b4cbaeaf373820ef 1 4 5 10 21 22 25 30 31 33 34 36 38 39 46 
f65f88348bfa3c94 4 5 9 10 12 16 17 18 20 21 23 28 31 42 44 
8c7a268d7cf4cd79 4 6 13 14 19 20 23 24 25 28 31 34 35 38 47 
14a27173ffa8cffb 1 2 3 4 5 9 17 19 24 28 30 32 39 40 46 
a355eea1197abdd9 3 5 21 22 23 24 25 26 27 28 30 33 36 43 44 
9286ffa4f6fb04f1 7 8 9 10 11 17 19 20 23 25 26 28 39 42 44 
c3633a6c097cb06d 3 7 9 14 17 19 21 23 24 27 28 30 41 44 48 
eb9c37ebfbbae19f 2 5 6 7 8 9 13 15 19 22 23 25 32 38 48 
5e0fe6fba3cb66f8 1 5 6 15 16 18 20 25 32 35 38 40 42 46 50 
a8db164cf6c5cc1a 3 12 15 17 24 28 30 31 33 39 42 43 46 49 50 
6fc801f8ff4662d0 1 8 9 12 13 18 21 23 24 26 29 30 39 49 50 
10208ef67d8c6d75 1 4 10 12 19 21 22 29 33 35 36 38 42 45 49 
5b0c7fdd80a6af69 6 12 23 24 25 26 28 30 33 38 39 40 42 48 50 
7e719ddada0dbdaa 2 3 14 16 17 18 21 25 26 35 40 43 44 45 46 
a01c3be218c2f2da 3 6 7 8 15 16 18 20 23 30 31 35 42 48 50 
b5c2045e6a34f668 5 8 13 14 16 22 23 24 25 28 29 37 38 40 45 
d9b0cdf2750dd0bc 1 11 12 13 16 19 21 23 24 26 27 28 36 37 49 
06be5a00124eeacc 3 7 8 10 12 14 21 22 23 26 32 33 42 45 49 
2bfd184a3e4d98dc 4 7 9 11 12 15 16 18 21 26 30 32 33 34 46 
ebf7faae92feb2d3 1 5 11 14 15 20 22 28 30 35 40 43 45 48 50 
36f94a795bb102ae 1 8 13 15 21 24 26 27 31 35 42 43 47 48 50 
c9a7885ca04c01a6 5 6 11 12 14 16 19 26 32 33 34 42 43 44 47 
e4b5557d6810a4bb 1 7 10 12 14 19 20 26 27 34 37 38 40 41 49 
e4c258be04fa4ef1 5 15 20 25 29 30 33 34 36 37 41 42 43 44 48 
74eecc05f2d9ac7e 4 5 8 17 22 25 31 32 34 36 38 39 41 43 46 
d26faee9f0e3d4b3 2 4 5 15 18 19 25 29 32 33 38 39 40 46 47 
4cfd94ea1ff9511a 8 9 10 16 18 20 21 28 29 33 36 37 42 43 46 
b4da4e74f7f8b8b1 3 4 9 10 13 21 22 27 28 29 31 36 40 46 48 
4ed0b81efa3c5de4 2 4 6 9 10 12 13 14 16 18 19 23 36 41 42 
8b961b3a34c32e38 3 5 9 13 22 23 24 26 27 28 31 32 43 45 50 
2fb705261fa211ba 6 8 10 15 20 21 23 33 36 37 40 42 43 44 45 
90aabcc5eb260fc5 1 2 5 6 8 10 14 19 20 24 40 41 44 45 46 
87e92f4ee752bc44 3 5 6 8 14 20 21 24 34 38 40 41 43 47 49 
8c6b1fe4fbc2ee04 4 5 11 15 17 23 26 28 29 34 35 37 39 42 45 
c58d47c5ec2e2ad7 2 6 8 12 13 15 17 19 22 29 30 32 34 39 41 
ebc6abb4b828f39c 3 16 24 28 29 30 33 36 38 41 42 44 45 47 50 
c2ab3846ae00af04 4 6 23 30 33 34 35 39 40 42 44 45 46 49 50 
a6e9e264978d3fd0 3 4 6 9 14 17 19 28 36 43 44 47 48 49 50 
dafb6dcefbddfbc3 1 5 7 8 9 10 15 18 20 23 28 29 37 40 50 
a0dbe541b84415ea 2 10 12 17 21 23 26 27 29 33 36 38 45 48 49 
2ad939115fc555e2 10 13 16 17 18 21 24 30 32 33 34 35 46 48 50 
c7c68a0c42a905be 1 2 3 9 11 22 25 29 30 34 35 37 44 45 50 
89f6016222bb84cb 2 6 8 9 12 17 21 22 24 29 32 39 40 49 50 
86dabd5e6ec98d3e 1 2 6 7 8 16 19 25 26 27 29 38 41 44 47 
d3061e8defc9f5b4 1 10 12 13 17 24 26 28 31 39 41 42 44 46 50 
a2c5dfa346fa157b 8 10 14 26 27 28 29 30 31 40 41 42 43 44 45 
51e5b6ec6f37c4fc 2 3 6 7 11 17 25 31 33 38 40 42 47 48 49 
8b30a3fae72009a7 2 5 11 14 16 18 20 21 29 30 33 37 40 45 48 
409c184bd6dce540 2 5 10 11 13 20 21 31 35 36 40 41 44 48 49 
0a5feb9c33d68bbd 2 3 12 14 16 20 21 22 24 29 30 32 33 34 45 
8dd7cb6f775edffe 2 4 10 18 20 24 25 28 30 36 38 44 45 48 49 
424b2e89b751bdaa 9 10 14 17 18 20 28 29 31 33 34 42 43 45 49 
b13ec6779f388ed6 5 6 9 11 13 14 16 26 30 31 35 40 44 49 50 
4894da2a753d2e1b 11 18 21 22 23 26 28 34 35 36 37 42 44 47 50
fcdc4bc599bdfdfe 1 3 4 10 16 18 26 27 28 29 39 40 41 46 47 
6e3ee6ada7a4dbe0 1 2 5 14 16 20 23 24 29 31 36 42 43 46 47 
7fa81d3f4deae064 2 17 19 20 23 24 27 28 30 34 35 36 39 41 49 
aa7f0d4210eaeed6 5 12 18 24 25 26 27 30 32 34 36 42 43 45 49 
37a738e3cfbda8a1 3 4 7 9 12 15 17 24 33 34 35 36 43 47 50 
d68f758ce9dac5a3 1 4 10 11 14 22 23 25 30 32 34 35 36 42 45 
3a20dc49dbfe3dda 2 6 11 14 16 17 21 25 26 34 41 42 46 49 50 
a80f3ea443d6d6dd 1 4 7 9 15 16 18 20 21 25 29 35 38 48 50 
6922a49db5cabaad 1 4 8 12 14 18 20 22 24 27 31 32 33 34 46 
cd3ff34918aa1b3c 2 6 10 11 14 19 23 27 28 30 34 38 39 42 46 
4349ca79547827d3 2 5 7 8 18 22 24 26 32 38 40 41 43 44 49 
e6cbdc1e59f36c1e 4 7 12 14 15 17 21 22 23 30 31 32 33 48 49 
cddeebf333d8c1fc 2 6 9 12 20 21 23 24 28 31 34 36 38 39 48 
e1ef1f2399098b4f 6 17 19 20 24 27 28 29 30 31 34 41 43 44 50 
9f6d8adfb4ea92b4 5 10 11 15 19 23 26 30 31 34 35 42 43 44 48 
1081a9f18d5cca4e 3 5 8 9 13 18 23 26 27 29 30 39 45 46 47 
2a0ea277b477316e 5 16 20 21 23 25 27 28 29 36 39 40 42 43 46 
c92e2e86ef5864ca 1 2 4 6 14 15 18 25 27 29 30 32 34 35 48 
d9029f9e04e97653 5 10 17 19 22 24 26 29 31 32 35 37 38 45 50 
c203d7db29b26518 7 8 9 15 19 20 21 23 26 30 32 35 39 43 49 
c89eab5031e2d9e6 6 8 10 15 16 20 26 33 37 38 42 43 44 45 50 
a7dad38ffb57abf3 1 4 13 15 16 17 21 22 25 26 27 29 37 44 49 
6e74ce14162f33fa 1 12 16 21 24 25 27 32 33 40 41 42 43 44 48 
36285c664ea1aab8 2 8 9 13 15 16 21 31 33 37 38 41 43 46 50 
eb2e813ab034f2e5 1 3 6 7 9 11 14 16 26 29 31 44 46 49 50 
fae9a34da1fbc7ec 8 9 13 14 15 20 22 24 27 32 38 42 43 47 48 
00f13a7fd7d22988 3 6 7 15 20 21 22 24 26 31 36 39 45 47 49 
a6d755e0534836ef 1 2 6 7 11 12 24 25 26 28 31 38 42 49 50 
f80478b2b6291cfc 2 6 8 9 11 12 13 18 20 26 27 29 31 34 37 
5cbec96e6ca43e79 1 3 5 7 10 13 19 22 23 24 28 32 37 38 43 
88a3c60bee0a4acf 10 11 12 14 16 21 22 26 28 29 33 35 43 44 49 
cf8722ab75d53bb7 5 7 8 13 22 29 31 33 34 36 41 44 45 46 49 
bb0acf9a5ca2da75 1 2 4 11 12 13 19 25 27 29 31 36 38 42 45 
9af70290a427ebc1 2 4 6 10 11 19 21 26 28 33 36 39 45 48 49 
4c3e8e973dc92a99 2 6 8 10 11 16 17 18 25 28 37 40 42 44 48 
badce273e81bcd4e 1 12 15 17 20 21 24 27 28 31 41 43 44 48 50 
afb2f81e46d231ab 1 6 10 18 19 23 25 28 36 38 40 44 45 48 49 
c24645b0d3a37e67 3 5 14 17 20 21 27 28 31 35 36 37 39 49 50 
50d464bd44b5bebd 2 3 4 11 18 20 24 26 31 32 35 38 39 43 44 
de63e238e8c48a66 4 6 9 15 16 21 24 26 29 38 42 44 45 46 50 
10e6c6cec80b3018 4 7 10 11 14 23 26 27 29 30 32 38 40 45 49 
eca607d200c781f9 3 7 8 10 11 13 18 25 32 33 42 44 45 47 49 
2e5a89bdc4d7363b 4 6 8 13 17 18 20 25 29 31 34 39 42 46 48 
fbabf9fb39742363 1 3 4 12 17 20 22 24 25 28 32 35 39 43 46 
dd4a14be31bc03de 1 2 6 9 13 17 21 25 37 38 41 42 43 46 50 
5dec7ffe51ec1bcb 4 12 16 20 22 25 27 29 30 31 32 33 46 47 50 
8a0d5eac3d5bda85 1 2 4 5 6 8 9 14 18 24 33 40 42 49 50 
f1794f826c76131c 9 10 14 15 17 20 24 29 31 34 36 39 42 43 49 
3cbfdfbd1ec18b1a 2 3 5 12 13 17 20 30 32 33 36 39 46 49 50 
5b37ee9b4cbe4e79 1 10 16 17 19 20 23 24 26 27 28 35 45 46 48 
e688329d6caf7328 1 3 5 9 10 11 12 15 21 22 24 25 30 31 33 
10a9948aeabcffee 5 12 13 16 17 20 21 22 25 28 30 31 36 43 47 
414d86beec801dd6 2 4 5 6 14 16 18 23 25 27 33 38 47 48 50 
5b9d207de7afc864 5 7 9 11 14 15 16 17 23 24 28 39 40 41 43 
3d011deff07c2e8e 3 6 10 13 20 21 22 31 32 36 41 42 46 47 48 
13df9f2774a2fe79 1 4 11 14 18 19 24 26 29 36 38 42 43 45 50 
bd2c3f7bc8fca55b 2 4 12 13 15 18 22 23 24 30 33 34 47 48 49 
c051bc30dd21fc3e 5 6 8 12 22 32 36 37 39 41 42 43 45 48 49 
bb18fc30f3a3fa28 1 2 13 15 20 22 24 27 28 30 32 35 38 46 49 
671cfb3f4bf84f57 3 5 9 16 24 27 30 33 35 38 41 43 45 46 49 
fa89eadc69cae395 2 5 7 8 15 16 20 21 29 30 32 38 39 40 48 
abda346aedb137df 2 3 4 8 9 14 20 22 25 28 30 36 43 44 49 
9d3cb69ddcfac4ef 6 7 8 16 17 21 22 24 29 32 37 39 41 43 49 
de7ccdbabfbe2f2b 5 12 13 15 16 17 19 23 24 34 35 38 42 47 48 
20e0c2c4ed9a22b4 7 12 13 16 18 29 30 37 43 44 45 46 47 48 50 
3ed4cdc891aec5dd 2 6 7 9 10 15 19 20 28 37 38 47 48 49 50 
ac7e0f9f91f70b31 1 5 7 11 15 17 21 23 27 28 29 30 33 40 50 
f4234e0efbb913fa 1 3 8 11 12 15 17 18 19 22 29 31 35 46 49 
e8666401d2b3ebab 1 8 14 16 18 20 22 23 31 35 41 42 43 45 47 